15 0.7311950455825638 0.14593897173752773 0.18185105157760545 0.03958980052413366
4 0.253153956292355 0.20773317180870457 0.08314664399242272 0.014417684059292135
10 0.24885300374961994 0.22785239456417142 0.24122791775579416 0.010092378841504513
10 0.23250056071382438 0.23794477340567577 0.21556537331368836 0.00865061043557528
9 0.2816035879195163 0.25806399616114256 0.30487102797221644 0.027655739422823965
2 0.35178923565005293 0.29484994253473734 0.10572968310147574 0.01081326304446911
16 0.4509960482785733 0.3169471285578426 0.302818024416848 0.009371494638539915
11 0.4470719710712612 0.3262084053636977 0.2946060101953741 0.011534147247433811
29 0.31308095026203653 0.35493355564959733 0.021556537331368874 0.01081326304446904
24 0.3447531142882555 0.35397734147954923 0.03490106044126385 0.010092378841504442
27 0.3853324733282154 0.35374201151246576 0.039007067552000695 0.009371494638539844
25 0.49685730728894656 0.35482333781691267 0.17655830576168768 0.011534147247433638
14 0.18615616782474803 0.5472460840371016 0.0968812377778377 0.009594968741458914
10 0.44564457648132744 0.3445108814651709 0.2922218684937038 0.010723897234184467
13 0.40274136324779064 0.8881522008449377 0.32051502628138917 0.022281875364360673
19 0.4498254293813138 0.5384725602180067 0.10454364031143398 0.010308644102393814
17 0.5875307620496005 0.5392655328412679 0.051709757573397325 0.011894589348915971
