15 0.7937901725823597 0.12219125008283005 0.14696458052381986 0.016602174413346358
11 0.297420878237631 0.22503768994741458 0.27939325385009384 0.0364767406700091
8 0.2039142650539303 0.25953199905927105 0.09688637028672607 0.02299620607457097
4 0.6452719603234714 0.19692958679531572 0.08562051327664172 0.012687561972177122
5 0.6920252669153218 0.21159958032564546 0.16335492664622422 0.010308644102393849
1 0.6260862235331812 0.26558614333244895 0.03231787408124745 0.01191544137131583
0 0.6744014452846463 0.2649307940570266 0.05847996262321004 0.010832219428468903
11 0.6101504337183564 0.30203114559953265 0.2531566803031062 0.010290608457045493
16 0.6336193660868814 0.32802847222785814 0.2862440275767644 0.009207386514198604
2 0.6562044038298112 0.2412594822573682 0.1032633024215103 0.011319669302750022
1 0.30952495217543713 0.4589141795820481 0.03231787408124745 0.01191544137131583
14 0.7018955627135892 0.6863199053030528 0.1250510128119371 0.015066479841960358
29 0.6965146651501855 0.4160380687034092 0.022314722579909015 0.011915441371315793
24 0.7319104320010755 0.41522565224627395 0.046937864737050174 0.012457052342739274
27 0.7800025065267416 0.415225652246274 0.04616839154463918 0.010290608457045493
13 0.44429498266380263 0.961217629376879 0.6883438633161585 0.014273507218699043
