15 0.6090965655939788 0.12727050028259335 0.08976872248190744 0.03090558621561403
4 0.831449160752909 0.17375658863996313 0.08178928048351551 0.016857592481244018
5 0.38106244359677843 0.27090601350058674 0.14837805368910292 0.013720805300286293
11 0.4035063105089637 0.31771201556119455 0.18284972272798555 0.013720805300286293
16 0.459410115522629 0.3354932371788892 0.2967561073782058 0.016887144984967753
1 0.3322338783272305 0.3659092880893141 0.033781402383512786 0.012687561972177193
0 0.38909923900614357 0.3641647483181397 0.07544513198984504 0.01427350721869921
29 0.3258087217858387 0.382125578235003 0.020268841430107574 0.010229346840067795
24 0.35959012416935154 0.3803413898326655 0.045041869844683544 0.015066479841960216
27 0.4054269168248413 0.38295819948942694 0.04954605682915201 0.013480534595438272
25 0.5223150291308117 0.3820066323415137 0.18692375985543705 0.015066479841960358
22 0.21551611403890283 0.7150972915234189 0.1199014575265478 0.08347622805069249
22 0.5801604599249097 0.6909671345975846 0.24872887320087242 0.12915145115053037
3 0.6421020395032646 0.8180822320515808 0.1526018550337882 0.01439245311218855
13 0.24438301544963192 0.6747558097794844 0.3439464661883709 0.035990727749212394
14 0.5816980479081354 0.5894447718182977 0.11802204188924428 0.013480534595438059
