15 0.7939776082783649 0.10563420226878843 0.1694418691887728 0.026386164039012047
4 0.1815587080706463 0.1406792308674997 0.13211777766371738 0.016580336668185983
11 0.1749016107465055 0.18465316724834074 0.11265857010084426 0.01081326304446911
8 0.2701493109226739 0.21348853536692505 0.303153970453181 0.045415704786770233
1 0.5425782168028972 0.2628691032700006 0.030725064572957664 0.010092378841504476
0 0.640386339026812 0.26395042957444753 0.08910268726157695 0.012255031450398307
5 0.5814966319286435 0.275124134720399 0.10446521954805568 0.012975915653362903
11 0.26257107616263586 0.4723383636397114 0.10037878595985227 0.01570085794056915
15 0.6688088672606723 0.1904836818866533 0.28369476289030787 0.023068294494867417
13 0.5689524073985603 0.2135519763815207 0.08398184316608394 0.02018475768300899
