15 0.7655929271417186 0.13189097800315774 0.18185105157760545 0.03958980052413366
4 0.2587281306624661 0.20117967905448084 0.08314664399242272 0.014417684059292135
10 0.25256911999636067 0.22064355253452525 0.24122791775579416 0.010092378841504513
10 0.24179085133067624 0.23073593137602977 0.21556537331368836 0.00865061043557528
9 0.28439067510457183 0.24659538384125107 0.30487102797221644 0.023068294494867452
2 0.3644578137639418 0.2894879939176453 0.10572968310147574 0.01081326304446911
16 0.4619754826439437 0.3103936358036189 0.302818024416848 0.009371494638539915
11 0.4588959773108908 0.32084645674660556 0.2946060101953741 0.011534147247433811
29 0.32237124087888835 0.35076315116963686 0.021556537331368874 0.01081326304446904
24 0.35573254865362586 0.3504027090681545 0.03490106044126385 0.010092378841504442
27 0.3988456233163635 0.35076315116963686 0.039007067552000695 0.009371494638539844
25 0.5086813135285762 0.3518444774740837 0.17655830576168768 0.011534147247433638
14 0.18894325500980358 0.5498674811387911 0.0968812377778377 0.009594968741458914
10 0.4642732610624668 0.3406760497677922 0.30370879042227644 0.009532353097052707
13 0.41964787780965573 0.9037063084409269 0.32568101855617854 0.02162652608893822
19 0.4681468459426909 0.540358308579862 0.11178604358981276 0.008722698855871798
17 0.6109845683074515 0.5411512812031231 0.051940989950822 0.010308644102393955
3 0.5920686601400038 0.7306058866192434 0.02892868646201016 0.012451636233024888
