15 0.7519920123731824 0.15443613816235321 0.2684079166795607 0.012665358738725718
13 0.662022878290648 0.18557181172838746 0.08846964851449216 0.04749509527022166
15 0.8247170624232308 0.07844398572999851 0.1679423836207306 0.02110893123120964
4 0.12670653049956912 0.08899845134560333 0.09446759078666099 0.014776251861846746
11 0.21865651415043474 0.15432927690950282 0.28211195653351917 0.012451636233025063
8 0.18467273060761813 0.17693882691157456 0.21414438944788586 0.028835368118584236
5 0.4686468122667711 0.268032376195284 0.11731388291492877 0.013106985508447409
1 0.42442134053296854 0.3063703088074927 0.03258718969859124 0.01376233478386979
0 0.48075062558339066 0.3076810073583374 0.07820925527661914 0.015073033334714481
2 0.45993311877950094 0.2446332846034275 0.10905349585761727 0.015351949986334325
