15 0.7887499028982086 0.08582574063430037 0.13935993434196647 0.04893434058144051
11 0.19358745700258023 0.2124817823309217 0.0975176688800019 0.013696799856327537
8 0.21103798722321218 0.2268994663902138 0.1385777399873711 0.012255031450398341
4 0.6381832769016046 0.19912003610575454 0.07889641762366402 0.01191544137131583
5 0.683145751461327 0.21490799592274798 0.16712466958991193 0.01370275757701318
2 0.6492118083973856 0.2703147982993665 0.10604357207481713 0.014894301714144796
1 0.6152976529872183 0.29868453154305213 0.03650431003736621 0.01057992881818901
0 0.3496646794410423 0.5560354498738606 0.06895258562613606 0.013021450853155727
11 0.6169664214460695 0.3386823512221483 0.28184803949802645 0.012309340259623767
16 0.6049924693957813 0.36740119169190805 0.2537918697835934 0.012614530513994637
10 0.1936508345796922 0.3404134694444949 0.09840843488543037 0.011915441371315722
9 0.21019363182336367 0.3550098851243568 0.13658412083236454 0.012511213439881673
29 0.6915034521558823 0.44944171860299426 0.017383004779698154 0.011800689835672387
24 0.7265591784616069 0.44944171860299426 0.05041071386112478 0.010986849157350065
25 0.6888960014389275 0.4626666296257305 0.07011145261144933 0.012207610174833477
25 0.6941109028728368 0.5011206016764561 0.1848392841574575 0.06307265256997305
27 0.6277657679636555 0.46246316945615 0.053307881324407946 0.011800689835672387
14 0.6852823217642156 0.8072391876275438 0.1343690826988658 0.014273507218699279
18 0.2628801250528432 0.6918633011430919 0.1287233229216025 0.009515671479132806
13 0.20686895290332535 0.9457479258869925 0.35209010974569105 0.011534147247433851
1 0.2980059535050226 0.4493493299626551 0.03650431003736621 0.01057992881818901
1 0.29800595350502274 0.5548146888563772 0.03650431003736621 0.01057992881818901
