15 0.7321598594716687 0.15576376832755431 0.23950570972365143 0.012802501506374337
5 0.46764247753004107 0.2539162798764242 0.11065770132801617 0.01280250150637432
15 0.8041631582809917 0.09214755559079967 0.15007003330785723 0.0269461636735768
1 0.4274722160890487 0.28805628389342236 0.030317178446031795 0.014936251757436575
0 0.4790114194473029 0.2891231590189536 0.06669779258127008 0.010668751255311833
2 0.4612986079402088 0.23213432785725543 0.0972120326872011 0.016781945724605726
23 0.4392381284742454 0.6673890656471297 0.09540246823225268 0.06463329415293284
13 0.6299354680477266 0.1794342148945328 0.04199470745848508 0.03676509435119495
4 0.15966265456924902 0.08474314568898907 0.078724204669202 0.01489430171414476
11 0.19055978865984982 0.1422351503055879 0.15236942839200385 0.014298529645579006
8 0.20748972514785025 0.161895628568259 0.18453630771920462 0.02383088274263164
