15 0.6253887666239545 0.11322250654822331 0.08976872248190744 0.03090558621561403
4 0.8567925845773154 0.1609856852450814 0.08178928048351551 0.016857592481244018
5 0.39342665750898503 0.2595665049879535 0.14837805368910292 0.013720805300286293
11 0.4121612602475082 0.3081170468197356 0.18284972272798555 0.013720805300286293
16 0.46311937969629097 0.3276428082086046 0.2967561073782058 0.016887144984967753
1 0.3396524066745544 0.3598033988902037 0.033781402383512786 0.012687561972177193
0 0.3965177673534675 0.3598033988902037 0.07544513198984504 0.01427350721869921
29 0.3295179859595006 0.37645582397868615 0.020268841430107577 0.011101616725654963
24 0.3632993883430133 0.3768523102903167 0.045041869844683544 0.015066479841960216
27 0.4128454451721653 0.3768523102903167 0.04954605682915201 0.013480534595438272
25 0.532206400260577 0.3776452829135778 0.18692375985543705 0.015066479841960358
22 0.21664013348546707 0.7261989082490738 0.11990145752654778 0.08347622805069249
22 0.5981447710699374 0.6945355114022594 0.2779533788115426 0.14104604049944613
3 0.6634584089879851 0.8252189856609304 0.1526018550337882 0.014392453112188548
13 0.24879552436758676 0.6758613593603333 0.3567068361414798 0.03271884340837488
14 0.6023685724146227 0.5906207008604408 0.11853894096374618 0.015351949986334362
