15 0.8277916696266217 0.0776821666499653 0.17226770780838763 0.02043344543181095
1 0.42419945376446705 0.30325787554092787 0.03096346377842835 0.013956318169394848
0 0.47436026508552076 0.304130145426515 0.061926927556856484 0.012211778398220473
5 0.46878684160540374 0.2661864054034729 0.12261531656257596 0.014828588054982
4 0.12296568990642236 0.08846723985017889 0.09314628773014778 0.01297591565336294
11 0.18613494328105992 0.15157500715240724 0.2170001428438607 0.012975915653362922
8 0.21172458276736428 0.17428285954579237 0.2661322506575651 0.02523094710376128
15 0.7200283605154517 0.1504552173486506 0.2057212533438775 0.010554465615604816
13 0.66076429084354 0.17971987201010034 0.08991789881255563 0.04029886871412751
2 0.46007991559090977 0.243542894631822 0.10790147857506682 0.014776251861846746
