11 0.19626775158933044 0.2043505154614373 0.10390645672376334 0.013183904223318861
8 0.21647178484117344 0.21956271264218954 0.14142823276290004 0.013183904223318556
9 0.21647178484117344 0.35140175487537506 0.14142823276290004 0.011155611265884957
5 0.7078627364306371 0.20536466194015424 0.17750686356976217 0.013183904223318521
1 0.6393133378975989 0.29359540558851677 0.03463548557458779 0.015212197180752157
4 0.6602389437655789 0.18913831828068525 0.08514556870419476 0.011155611265884921
16 0.6299328938878148 0.363623084605201 0.2640955775062316 0.011155611265884957
5 0.642921200978285 0.33370576348305503 0.29295848215172127 0.014198050702035305
15 0.8198086666143553 0.10022480051552662 0.15212944328926184 0.013363306735403544
2 0.6722389511721887 0.2646021138377308 0.10349719922738977 0.01385351381349377
1 0.30231143745689804 0.45091531043010646 0.03651157437654458 0.011155611265884886
1 0.303105167334649 0.5602403008357787 0.038099034132046475 0.01338673351906209
0 0.36258234686036883 0.5605490592429699 0.07695767178577541 0.014828588054982036
29 0.7161364133918258 0.45005915940032 0.01918796705439263 0.01198580174392326
24 0.7520250184380043 0.4490603425883265 0.04974658125212884 0.01198580174392319
25 0.7147150824989079 0.4635431863622337 0.07604120277111122 0.011985801743923332
25 0.6695878266487624 0.47652780491815055 0.08670118446799585 0.01398343536791046
27 0.6489785287014519 0.4630437779562369 0.05116791214504673 0.012984618555916825
14 0.7097959982729753 0.8225697271227227 0.1324155001666623 0.011288099889988398
13 0.2133465262345014 0.9665812520840291 0.3711345784507558 0.013956318169394705
