15 0.825447022930152 0.07932625937980205 0.16373744403892004 0.021108931231209622
4 0.12392971681844867 0.08988072499540686 0.09463723829772444 0.018998038108088658
11 0.19265517311946334 0.15433685588140014 0.23085181119977272 0.013696799856327537
8 0.2167663622892173 0.17596338197033837 0.2831782217383878 0.025230947103761246
15 0.7188491055563037 0.1552023966347187 0.20462697256663887 0.01280171387000875
13 0.6589326461232639 0.18400625284223834 0.07918783527407598 0.04086700966195096
5 0.4656315992487755 0.2682526640332476 0.12210343732880538 0.011319669302750022
1 0.4223866318614903 0.30727573452430695 0.030525859332201363 0.010723897234184286
0 0.474958945155837 0.30787150659287277 0.06613936188643628 0.011915441371315793
2 0.4580278459604152 0.24710828463550405 0.10924933714023005 0.015351949986334254
