15 0.8042666320234158 0.09953965123684341 0.13835045670110144 0.04458021384704313
4 0.7058892688114643 0.13031553973712787 0.08127731870678502 0.011149875087236562
5 0.6724829132413028 0.17030965689786762 0.1728864999610422 0.015512869686589959
11 0.35185077885140165 0.16618905088736718 0.4036314301879314 0.008241212021000912
8 0.3290455895183382 0.1839182277691657 0.3561332308101355 0.026488746818164693
5 0.3302217230414892 0.20295701454472156 0.1721859477893126 0.008277733380676437
2 0.35633188725544235 0.23143241737424863 0.138783755731823 0.008939952051130575
10 0.35090986316212003 0.2499610705191146 0.4036314301879314 0.008241212021000912
9 0.3050522394416552 0.25990905190152125 0.3090874463460515 0.008939667606771517
11 0.3972360577147312 0.2884815476127878 0.24420766021298987 0.009615415094993765
8 0.6773063813156425 0.28828122646497545 0.2965785337318595 0.01081734198186794
8 0.19201735312249915 0.29749614862446755 0.08083127075801644 0.009214746823695613
29 0.26782203089660905 0.3249399965146392 0.028642502092333735 0.008012845912494843
27 0.3692942863961229 0.32473967536682685 0.05284294477695834 0.009214772799368994
25 0.48871262581641256 0.32534063881026404 0.17510424905064767 0.008814130503744308
1 0.6016665944096726 0.24201108402845636 0.03460357954320297 0.007935669411434048
0 0.6782610732581117 0.242421541275639 0.11080927408199898 0.00875661051840158
24 0.3107887612742089 0.32436226184681993 0.0482503189908012 0.010723897234184286
13 0.2482306133609896 0.9088168040357342 0.27637638813470805 0.03140171588113816
