15 0.8145216746950331 0.10328137180499276 0.14536239813511528 0.015859452465221347
11 0.30015931421238035 0.2100723819369364 0.2918753774683667 0.03753364031964484
8 0.20371353730978956 0.2440313898451865 0.0955997613157259 0.02442665481119743
4 0.6669518574914222 0.1831902518676262 0.08992609314491062 0.011609912177165312
5 0.7097276697859364 0.19576706168397948 0.17003305866368065 0.010308644102393849
1 0.6410388182727939 0.2522997719214106 0.03715954262186393 0.013084048283807626
11 0.6277890777082159 0.28956658094941107 0.26236889184528195 0.010308644102393884
16 0.6469318723922064 0.3169241364519179 0.298402387721029 0.011101616725654928
0 0.3582648132298056 0.45038167027551396 0.05883462116277527 0.011837682593777927
2 0.6770835746160019 0.22576551373697507 0.1062762918985311 0.013432956238042486
1 0.30998107491436927 0.4505429277366778 0.03715954262186393 0.013084048283807626
1 0.30998107491436927 0.41565213231319087 0.03715954262186393 0.013084048283807626
1 0.3111071216604865 0.4354764478947175 0.03715954262186393 0.013084048283807626
14 0.7177737252839249 0.6887297833941517 0.13005839917652395 0.016573127826156622
29 0.71516624784466 0.40838103136617904 0.021674779498190563 0.011324593038853829
24 0.7504751628336465 0.40862721817137165 0.04474793186723062 0.011816966649238907
27 0.8015157726197066 0.4088734049765641 0.04894305047978378 0.013294087480393629
13 0.43545015905070167 0.9739681073846919 0.6925187488620105 0.015066479841960216
