5 0.4445487202601672 0.2410351048610321 0.1181826863677336 0.019156355092322778
11 0.33777464949932196 0.303716708274334 0.27433634531784007 0.012687561972177156
8 0.22995933683325723 0.3259199417256439 0.056447807678567906 0.028547014437398523
16 0.3070917951856142 0.5543974902278826 0.2687102249822737 0.010485588406757885
12 0.3028931979202662 0.5914247242892465 0.2528488575354033 0.05832608551259099
11 0.6883727782291309 0.5545468495321404 0.20539093392553157 0.011816966649238907
8 0.6873212888063042 0.5823659585188901 0.20609192687408295 0.015263581921933571
11 0.6855688064349258 0.5678409370125341 0.20539093392553157 0.011816966649238907
1 0.6406856824747412 0.6777057632323388 0.026637732044949375 0.012309340259623838
0 0.6925591606675376 0.6772133896219538 0.07290326664933545 0.01033984581808383
3 0.3691921565759438 0.818416504555125 0.025841002208949887 0.011796286957602558
