5 0.47080078682384396 0.2662520235153787 0.11896037011823032 0.009940075544574115
1 0.43015829836537284 0.30372004501600597 0.030244161894465264 0.012780097128738177
0 0.4857643981381515 0.30355778052646004 0.07970028058768913 0.01420010792082021
15 0.8291928902164506 0.07520822880779435 0.171443460402606 0.023219824354330624
4 0.1258726729520665 0.08695046861171636 0.08545916002846196 0.01570085794056916
11 0.20823548660268565 0.15106230520237374 0.2526618644319745 0.011339508512633269
8 0.20451987094927426 0.16501862337176856 0.25018478732970023 0.014828588054981981
15 0.7327233806646073 0.15009146881971522 0.22417547775582045 0.012211778398220456
13 0.6472642206361453 0.18018477987247278 0.05078008059662231 0.04099668462259727
2 0.4621027072411445 0.2421159417491622 0.10403723829551893 0.014828588054981964
