15 0.7371088285155816 0.15576376832755437 0.23950570972365143 0.012802501506374337
5 0.46968750606058374 0.26977573234164576 0.11679278691964408 0.012802501506374332
15 0.8289080035005566 0.07644669765023053 0.16739142496155296 0.02694616367357681
1 0.42747221608904856 0.30824104157643134 0.030317178446031795 0.014936251757436575
0 0.48463524790629486 0.30714526409306825 0.08203550656033935 0.010668751255311821
2 0.46180986507284444 0.24655201191654755 0.10641466107464291 0.016781945724605726
13 0.6460196174404441 0.18597623903643667 0.054367130068266975 0.04636006309265381
4 0.12563849239234706 0.09172130477368647 0.0898593850180063 0.014894301714144752
11 0.20692001690419018 0.1552110659589508 0.25666588344967517 0.014298529645578994
8 0.20339966808676493 0.16910447059790518 0.24997722069656722 0.013738503901127123
