15 0.7348879927487232 0.17303471206218038 0.23950570972365143 0.012802501506374337
5 0.47416420860694225 0.2827516479950085 0.12183781174556085 0.01280250150637432
15 0.8184858579855283 0.09982353058396672 0.1678028996087111 0.026946163673576783
1 0.430267243693435 0.32016839838911865 0.0303171784460318 0.014936251757436575
0 0.4850673125901399 0.31861387641296 0.07694622713068594 0.010668751255311833
2 0.46409363554459515 0.25900364814957266 0.0972120326872011 0.016781945724605726
13 0.6401659678366809 0.19910390081452356 0.04881504065112158 0.0396435849736326
4 0.14329385490692165 0.1087305675426364 0.078724204669202 0.01489430171414476
11 0.22037341643996924 0.17041516914874946 0.24367366346861988 0.014298529645579
8 0.2209990252357169 0.18417750393261956 0.23950518393880002 0.013345294335873841
