5 0.44218522541225913 0.45872748044810985 0.13863069300224984 0.012909189018927378
1 0.3915700416730259 0.435843009005466 0.0399768434134527 0.014082751657011698
2 0.4347481721212978 0.4119204859675934 0.12326193385814584 0.014082751657012027
15 0.8263620172916626 0.07744508898197773 0.16750958331863144 0.02110893123120964
4 0.7603114905359419 0.10862873739171924 0.09260692411111321 0.014392453112188406
16 0.1955383117630158 0.1642795560921798 0.22959644043783922 0.016311446860480142
12 0.2012652795416482 0.18346949357509884 0.24922157518137833 0.016311446860480174
11 0.5911123251764314 0.16523905296632585 0.12191255677445538 0.016311446860480132
8 0.6260385294206485 0.1886219917892606 0.1934743827727892 0.03550138434339781
15 0.20262714607269394 0.2779799356784693 0.2492215751813783 0.01727094373462606
13 0.12840542013069875 0.315880062207232 0.10350185635947952 0.05469132182631583
0 0.4611559043590362 0.4358090055052465 0.09067330482779334 0.015903667615433943
