21 0.85793713888068 0.1213839214813675 0.010799334746839272 0.012374666306430793
4 0.21250029895297914 0.15788547652878848 0.13736587777515524 0.012473459363896594
11 0.21501199181796388 0.2067057208013777 0.24363283740699224 0.01114093768218029
8 0.2794473215177561 0.22510465170886096 0.3669417100139992 0.02303552703109635
11 0.612828258108363 0.20534128360994847 0.2116367454396474 0.012451636233025042
16 0.6450309341219836 0.24160175901906863 0.2786910896674709 0.012766203885227569
1 0.7492339479412965 0.3108835241094462 0.033770010971845184 0.010832219428468974
0 0.8284013810953137 0.30918707321548367 0.08979752917513366 0.011915441371315793
13 0.2937995431761372 0.8746942791069573 0.388410940033158 0.03663533519466149
15 0.23963041538238264 0.09809717800709034 0.18725799315003594 0.0179425915465282
1 0.749233947941302 0.27887923943442483 0.03377001097184533 0.00948938230923801
1 0.7479620914249152 0.290740967320971 0.033770010971845184 0.010832219428468974
1 0.10805101648718253 0.29220755250722513 0.027701034926783646 0.010290608457045493
29 0.23924619579319956 0.29220755250722513 0.023853668964730373 0.010290608457045493
24 0.2707945966820365 0.2919367470215134 0.03770418642812224 0.010832219428468938
27 0.3115766758798013 0.2916659415358017 0.04078207919776482 0.010290608457045493
25 0.4081455615273387 0.29139513605009 0.14773885294284617 0.01191544137131583
3 0.6312377749953635 0.6030360263901494 0.05735345386952076 0.010092378841504584
21 0.8734576455849293 0.8392602533708345 0.011450981047946271 0.009727622341806352
28 0.8995184990043933 0.8395381854377433 0.009081812555267703 0.009727622341806637
28 0.889754518854917 0.12134966613732828 0.01051121087918375 0.011434125232626435
