15 0.24913817309042044 0.0837327556326421 0.1829191840552526 0.02061728820478776
4 0.18181525780438 0.19401064328870277 0.078410919033793 0.011319669302750022
5 0.6445464386778437 0.2388578683253683 0.13355150080594427 0.009830239131335574
10 0.24729991978768523 0.2280396273344608 0.29049597569704344 0.009748997485622014
9 0.23273679699548516 0.25484937041992134 0.2613697301126433 0.03412149119967712
16 0.3975648685981132 0.301551007364934 0.13866322658601982 0.009355098597314147
11 0.41742367240565875 0.3128756004037879 0.17420003339952245 0.008370351376544178
2 0.3763124645233713 0.32543112746860425 0.0919776176349478 0.007877977766159242
29 0.34251765804386425 0.3370019073126506 0.022994404408736954 0.010339845818083972
24 0.3742220641225773 0.3367557205074581 0.03344640641270828 0.008862724986929109
27 0.4111524712032761 0.3367557205074581 0.03484000667990451 0.008862724986929109
25 0.5066140895062143 0.33650953370226566 0.1519024291243835 0.010339845818083972
19 0.8987717275501094 0.762933998649082 0.01901012869874819 0.012473459363896638
19 0.1587345746345487 0.7739682127017596 0.11677650486373987 0.01343295623804252
17 0.2680428146523517 0.7749277095759055 0.06653545044561923 0.01535194998633429
14 0.587141403524199 0.7749277095759055 0.09369277715811691 0.011513962489750753
21 0.8736713321148158 0.9257690553110237 0.013796642645242087 0.011915441371315722
1 0.34458973161318196 0.41906885557953655 0.026980101172918082 0.010128125165618443
1 0.3445897316131819 0.37140709009427325 0.02698010117291809 0.010128125165618443
1 0.34374660345152824 0.38332253146558914 0.02698010117291809 0.010128125165618443
1 0.34290347528987497 0.3958337449054693 0.026980101172918148 0.008936581028484466
0 0.4183634457578797 0.41966462764810236 0.06660712477064137 0.011319669302749986
14 0.36421427984219745 0.7748663302695094 0.09181665680408667 0.011140937682180265
28 0.899033025990683 0.926104031060547 0.009946808819206296 0.010727899850611351
13 0.25729651810159493 0.8680704057992945 0.31617306062013306 0.027405515154026148
