4 0.14132891522777058 0.09955942377608888 0.10304198843908077 0.018317667597330677
11 0.2803735261335182 0.12354684562973621 0.3885800286919553 0.013956318169394777
8 0.38900212840363335 0.1553846964536681 0.6008713542712661 0.04797484370729459
2 0.28732575667880544 0.2582341912232548 0.1297335878540234 0.013432956238042486
12 0.744124547596393 0.2596734365344737 0.15294907199632235 0.016311446860480208
1 0.3030303488927137 0.3772990306059043 0.03848556194712657 0.014828588054981964
0 0.44021275518811637 0.3781713004914915 0.08441994233563242 0.016573127826156338
16 0.5066313862904154 0.40739234165866184 0.45065351570344975 0.013956318169394705
11 0.5091143257708752 0.42701841408437324 0.45561939466436924 0.014828588054981964
3 0.7156981586806047 0.8421699230335683 0.029795273765517435 0.011339508512633358
