15 0.828692122518445 0.08614467655998088 0.16510107032642624 0.019189937482917852
4 0.7573138402344637 0.11667412255553203 0.08689530017180346 0.013956318169394813
11 0.6455913114421452 0.1742439350042856 0.22096233472258547 0.013956318169394813
8 0.6555222028903513 0.19953976168631363 0.2457895633431008 0.029657176109963962
16 0.21578102525536544 0.17544504954508588 0.26669257262290413 0.011915441371315793
12 0.216166419146439 0.19196418417350103 0.2751712382265224 0.011373830399892348
5 0.44425165787314846 0.4662186153361983 0.1436285953252947 0.012975915653362903
15 0.19195376991658952 0.2872606786093828 0.22262432275420674 0.013696799856327501
13 0.12424314640609349 0.3225840045546486 0.08925491280929025 0.04829924159862866
1 0.39442704313998567 0.444635262601734 0.033066795854111604 0.015490073782710567
0 0.46183243468875146 0.44284794639603675 0.0915695885190781 0.013106985508447409
2 0.43454229301486097 0.42123407737915597 0.12557115691684195 0.016253877048031527
