15 0.8242353633985833 0.07453153260308891 0.16895205378740827 0.019189937482917863
4 0.12594562496272232 0.08652524352991256 0.09946370908452262 0.012473459363896601
11 0.19384066428078753 0.15171439985785576 0.22419413051918025 0.008936581028486846
8 0.16972922005513982 0.17286430829194133 0.18104733558907385 0.0262139710168948
15 0.7722452859811609 0.15107536044212552 0.30118154892387994 0.01131966930275004
13 0.7147162260743525 0.17788510352758613 0.18950749145772236 0.03872518445677638
2 0.4618059576933364 0.24275270915891084 0.10900132502413427 0.013432956238042486
5 0.46793728222594405 0.2629021435159746 0.12126397408934958 0.01343295623804252
1 0.4261755948144244 0.30369153282194683 0.03307151839562522 0.01408188525700954
0 0.48078205542115443 0.30369153282194683 0.0715267723440266 0.012998663314162719
