15 0.8311020705287959 0.08372494363377371 0.17368451046836328 0.020149434357063747
4 0.7572519637154761 0.11490859204351522 0.08342326880763906 0.01535194998633429
11 0.6854532487580818 0.17007966230690408 0.30360599467698174 0.014392453112188371
8 0.6423740197836452 0.19694557478298905 0.21744753672810851 0.03166339684681446
16 0.23072805402791757 0.17007966230690408 0.2995032109651307 0.014392453112188371
12 0.23141185131322609 0.19694557478298905 0.30087080553574774 0.03358239059510623
5 0.4435143150764565 0.46336960988340636 0.1426603298729357 0.013702757577013216
1 0.39341336589488984 0.43953872714077474 0.03566508246823389 0.012511213439881602
0 0.4634697778860637 0.44043238524362344 0.09765439247254541 0.011915441371315864
15 0.23492726537975167 0.28391036610345965 0.31646816510146264 0.01441768405929217
13 0.25290841112415297 0.32572164987540686 0.3503754685051908 0.06632134667274393
2 0.4358523896556491 0.4180014355643013 0.12992148420861838 0.016311446860480174
