5 0.4912716060562281 0.24898107978075268 0.11896037011823024 0.011859069292865903
1 0.44933206844529217 0.2854816746810014 0.030244161894465264 0.012780097128738177
0 0.4987348896628028 0.2853194101914555 0.06729372347715301 0.01261416267429803
15 0.8250646083379191 0.07172525515464465 0.15988427114271955 0.018575859483464494
4 0.1679114201861142 0.08334604759689332 0.08545916002846196 0.01570085794056916
11 0.25540091032869044 0.14457434737569227 0.2526618644319745 0.011339508512633269
8 0.24502061523573473 0.15708889713915783 0.22865274606348085 0.011945051243123722
15 0.7598947660719796 0.14288262679006902 0.2580115426027366 0.012211778398220453
13 0.6852016266766272 0.168650632625039 0.1123001985001075 0.04099668462259734
2 0.48122315988554737 0.22843428046109687 0.10403723829551893 0.014828588054981964
