5 0.44640808478355554 0.45710264753383995 0.13325614471150907 0.012909189018927378
1 0.3931056268989519 0.43421817609119584 0.0399768434134527 0.014082751657011698
2 0.4347481721212978 0.4119204859675934 0.12326193385814584 0.014082751657012027
15 0.8263620172916626 0.07744508898197773 0.16750958331863144 0.02110893123120964
4 0.7603114905359419 0.10862873739171924 0.09260692411111321 0.014392453112188406
16 0.24385456014889811 0.16427955609218106 0.32622893720960355 0.016311446860480208
12 0.2012652795416482 0.18346949357509884 0.24922157518137833 0.016311446860480174
11 0.6976149821789955 0.16523905296632693 0.33491787077958113 0.01631144686048019
8 0.6833829141748025 0.1909155065075203 0.2982825355849199 0.033122466473614824
15 0.2144449961354879 0.2779799356784693 0.2728572753069663 0.01727094373462607
13 0.12840542013069875 0.315880062207232 0.10350185635947952 0.05469132182631583
0 0.4556473159171132 0.43379282710599015 0.07878566708529328 0.015859452465221295
