15 0.827169036848775 0.07673614477721044 0.16183742025302109 0.021108931231209632
4 0.7582382837780437 0.10628864850090394 0.08691268865440023 0.0168871449849677
16 0.19123538556486472 0.1654712951769502 0.22721522320734702 0.013696799856327537
12 0.218869669468461 0.19034180017922916 0.28453077500739854 0.030277136524513536
15 0.19016504554841682 0.27853504226312215 0.225168239214488 0.013106985508447338
13 0.12363806578049992 0.3142515777736413 0.08839249060072873 0.05046189420752253
11 0.6770362807558766 0.1640295306164589 0.2922065804982769 0.014623496228433055
8 0.6801121394979635 0.1894852462733608 0.29220658049827686 0.02870538148544257
2 0.43448934245146004 0.4115485304052683 0.12486602356439797 0.01441768405929217
1 0.39201442459963615 0.4353377091031004 0.035822219875032174 0.015859452465221437
0 0.4600766423621973 0.4353377091031004 0.09006729568579516 0.015859452465221437
5 0.4437007704193255 0.4576851193950032 0.1453358634929878 0.015859452465221437
