4 0.1865221442023145 0.10931681542938325 0.07648406704229208 0.011894589348916008
10 0.2444475773299328 0.14262166560634812 0.280066657257805 0.01030864410239392
9 0.22926324049065422 0.16799678955070227 0.24744845219565093 0.03092593230718169
5 0.628555061079091 0.15570571389015572 0.130472820248616 0.011101616725654963
16 0.3904982916642362 0.21482411426410158 0.13213557748058669 0.009748997485622048
11 0.40778346895094086 0.22728116660684086 0.16824239225725868 0.008665775542775122
1 0.33749041465167523 0.3277500018058902 0.032265664268515334 0.009207386514198604
0 0.40855169905257216 0.32856241826302535 0.06376309843539936 0.009748997485622014
21 0.8455239227055812 0.905583696789134 0.010941247389595954 0.010723897234184227
10 0.36801714772260946 0.2382393634668483 0.08788552362662273 0.009532353097052635
1 0.33749041465167523 0.2824713245948901 0.032265664268515334 0.009207386514198604
1 0.3366453615398807 0.2943867659662059 0.032265664268515334 0.009207386514198604
1 0.33749041465167523 0.3057064352689559 0.032265664268515334 0.009207386514198604
29 0.3370184472945684 0.2489523840613217 0.023046903048939527 0.007877977766159177
24 0.36704926035833824 0.2491985708665142 0.03142759506673578 0.008370351376544178
27 0.4023180059332306 0.24969094447689913 0.03491955007415079 0.010339845818083972
25 0.4924104451245397 0.24944475767170665 0.1396782002966033 0.010832219428468938
28 0.8713818227669122 0.9053201247948957 0.014429566146343262 0.010579928818189047
13 0.25295418025700417 0.851053320410551 0.301641708255029 0.028114483915619673
