15 0.7765438703519547 0.11800884061031416 0.15687633203594117 0.020934477254092202
11 0.7166344049681509 0.2235534967663624 0.234696874699439 0.026168096567615116
9 0.712311041486845 0.26062496690381726 0.22357965431894 0.025295826682028063
16 0.2120361243643552 0.21701147262445855 0.14946485178227464 0.009594968741458914
12 0.25094639569610444 0.23663754505016996 0.22975588786366197 0.022679017025266576
1 0.616039800409007 0.3811542937955263 0.03067964083288949 0.009847472207699041
0 0.6868121536939676 0.38090810699033384 0.09691977444935525 0.010339845818083972
5 0.6677276193323454 0.39406020741700565 0.13628352849320713 0.009399859834621794
4 0.24463803998263778 0.17947238748613648 0.11693545103455805 0.010485588406757956
23 0.6608012537238624 0.10354956207458117 0.06546807557405401 0.05495300279199202
15 0.2810993997853396 0.30611406122338 0.2876983319104205 0.010128125165618477
13 0.16382647270161982 0.331732260171709 0.0531524777429809 0.036342096182513224
2 0.6613739590161913 0.36809574487781227 0.12127876778727022 0.012687561972177122
