10 0.2804106998166949 0.2009375884268378 0.30179485618475344 0.008117982616824336
9 0.16730975944917736 0.21697060409506594 0.0755929754497183 0.018265460887854842
4 0.2530010331459955 0.1806426318847769 0.08078638597679827 0.01136517566355412
2 0.3613223651109857 0.25126908065114917 0.10466544345304159 0.008117982616824369
5 0.37876107617106153 0.26147937431940443 0.13758717165498827 0.008821099887267146
16 0.452158816050031 0.2723629313387423 0.28574419113242994 0.008039802468680577
11 0.45669131011626957 0.2820661412147361 0.29165613991448036 0.008594271604451755
10 0.46060584155831896 0.30191537521752004 0.2999683399020429 0.008721799505679008
29 0.325708768725827 0.3116435362046226 0.029220399833555087 0.008050891851396057
27 0.4057807915497045 0.31248217077247714 0.04044960706858686 0.008386345678537549
25 0.5186477942313527 0.3121575240756631 0.18033105907806923 0.008721799505679079
24 0.3614076045196822 0.3122266904569991 0.037099039076500945 0.009847472207699041
1 0.3234466968578431 0.29172599493962126 0.027767875809637382 0.008952247461544544
0 0.3966266195644918 0.29172599493962126 0.08851010414321933 0.009766088139866796
14 0.5737818363212261 0.5659393519470609 0.09570852099867899 0.009532353097052707
3 0.5896190471425411 0.6668029946925604 0.030745303648248096 0.012451636233024886
13 0.38065377159204977 0.907531943489968 0.25409341858056356 0.010128125165618514
