15 0.7625264250197279 0.09599611719295366 0.19177958262982897 0.035501384343398036
4 0.2715977046961872 0.1770736030582816 0.08778642866858366 0.015351949986334325
10 0.3731391559342785 0.19589014635494656 0.45283955900290684 0.008936581028486863
9 0.388233807901042 0.21733794082331506 0.4779973122808461 0.031575919633986906
2 0.3760742271500381 0.26470182027429545 0.10482397199141368 0.00953235309705267
16 0.39997409276408036 0.2846601845712495 0.15597807032322336 0.008936581028486792
11 0.40458634753170236 0.294788309736868 0.16520257985846784 0.0089365810284869
1 0.33833759723312923 0.3046185488682035 0.032705079261321046 0.009532353097052635
0 0.4066828269715309 0.30521432093676926 0.08553636114499348 0.010723897234184215
10 0.5001858099878718 0.31593821817095347 0.3564015047708062 0.009532353097052599
29 0.33810479508346236 0.32523423193502154 0.02898213500589044 0.008504635088467367
24 0.37401744063423964 0.32568184430809877 0.03906287761663499 0.008504635088467367
27 0.41812068955624687 0.32523423193502154 0.04032297044297792 0.009399859834621865
25 0.49593142158293113 0.3259056504946373 0.11025812230501814 0.009847472207699041
14 0.5793500443099068 0.5721327871223442 0.09487408056998874 0.010308644102393955
3 0.5938601978088462 0.7120924551279225 0.030136472651643445 0.012687561972177122
19 0.24394226535365265 0.5749081913037578 0.10491957145386976 0.011101616725654892
17 0.3801144751129305 0.5745117049921273 0.05134362007317037 0.013480534595438201
13 0.42891312680140314 0.8643520533801029 0.31824557896593175 0.023592573915205292
