15 0.8231830411277283 0.07075290385769857 0.13780156635618354 0.04852943290055097
11 0.2013792147414774 0.16002375149893897 0.10245154884259207 0.012687561972177104
8 0.22502187985899869 0.18301995757350994 0.14073014950905505 0.030132959683920574
4 0.6771735971411068 0.14351532565139583 0.0911838324091729 0.013762334783869755
5 0.7241611842499154 0.15891603362382153 0.18143721754886427 0.013106985508447409
2 0.6878737407401425 0.19004512420638414 0.10886233052931843 0.01376233478386979
1 0.6501906263261477 0.20577350681652098 0.035356996240291566 0.013762334783869755
0 0.7078783570339917 0.20708420536736574 0.0762966760974713 0.012451636233025027
11 0.6646125590031084 0.2342812002973941 0.31728251889314224 0.014417684059292135
16 0.6748474789674035 0.2627888937782672 0.33961325336069464 0.015073033334714553
1 0.30838523919855465 0.3968006117601124 0.035356996240291566 0.013762334783869755
1 0.3083852391985546 0.4657099327214993 0.035356996240291566 0.013762334783869755
27 0.6919234248185859 0.35741894839462796 0.03844823427608901 0.013540274285586094
29 0.723066494582218 0.35741894839462796 0.019224117138044505 0.012457052342739274
24 0.7580543877734591 0.35823136485176305 0.044599951760263254 0.010832219428468974
27 0.8095750217034186 0.35850217033747483 0.05382752798652476 0.013540274285586094
25 0.7484423292044369 0.3983105767370981 0.23607215845518695 0.06607653851366045
14 0.7254076286593752 0.7298475734380215 0.13486451687751766 0.016311446860480174
13 0.44049887805769516 0.9722982519307376 0.7081541123295652 0.01506647984195954
