15 0.8243840166956758 0.07656306880654204 0.16513777063787616 0.020142556788475287
15 0.770396668602524 0.15220955985659365 0.29724798714817696 0.011190309326930716
13 0.6544826565201687 0.18040913936045908 0.06669025352683462 0.039837501203873346
4 0.1226417495631781 0.08804741932841796 0.08398615162765469 0.009988044688500128
11 0.21843845376347168 0.1525997822226133 0.2745297331328963 0.01035797226955573
8 0.18353170949322772 0.17461047329541915 0.20366641769706262 0.025525003092833672
5 0.4676059383494625 0.26647106912421487 0.11758444414688456 0.01137383039989242
1 0.42456849474014524 0.3051962535809913 0.029972505370774484 0.010832219428468938
0 0.4779810363624229 0.30546705906670296 0.07070437164387833 0.01137383039989242
2 0.46292031591919136 0.2441833232987276 0.11202342164592537 0.016253877048031454
