10 0.24619650010222927 0.2272017267331233 0.24581493643660499 0.01032735121514201
5 0.37446743266237464 0.30788415810141967 0.13801011031782842 0.011618270117034655
1 0.31954635557178124 0.33817106491351834 0.02703608799048822 0.007646138646595731
0 0.39102864590051406 0.338121377531138 0.08648633579917242 0.009135807078010347
15 0.7146288398280565 0.12866171020105457 0.19859159338379676 0.03799607621617733
4 0.2533418438717584 0.20647452777641667 0.08477545650220136 0.014273507218699244
9 0.3931527849479703 0.24732701241686128 0.5367201453482715 0.02919283135972371
2 0.3587415503126665 0.2962398992461127 0.1104012957203723 0.0089365810284869
16 0.4368716980532378 0.31798557974876407 0.26666159120151467 0.008340808959921056
11 0.3880403557153807 0.32722004681153377 0.1673004250531795 0.010128125165618443
10 0.4561930413867888 0.34747629714277084 0.3040281835991792 0.010128125165618443
29 0.31907543604147603 0.35766910229629884 0.029350168197059077 0.010295084580776291
24 0.3573582641245966 0.3574452961097603 0.037006733813683114 0.008952247461544615
27 0.4001074221507478 0.3578929084828375 0.038282828083120536 0.008952247461544544
25 0.4808203846926602 0.3590119394155306 0.11676262565351749 0.01029508458077622
19 0.21851341462929766 0.6074515260204896 0.10686845425732042 0.010092378841504513
17 0.36186100471483806 0.6081724102234543 0.052406645837724426 0.014417684059292241
14 0.5673772629019926 0.6074515260204898 0.09967538522077014 0.01153414724743378
3 0.5849537511032955 0.8269434329615083 0.03493776389181612 0.01081326304446904
13 0.32786449677205604 0.9054098452022877 0.2512629616522142 0.010339845818083972
