15 0.8255110072249091 0.07000655038898317 0.1643694073277756 0.02063351180353243
16 0.23870199892570176 0.15917280722049953 0.3182692160719094 0.013264396687198789
12 0.2140989380914848 0.1849646950959501 0.2711569713525625 0.028002623161936708
2 0.4308151956395531 0.4056695765222324 0.12039787111295659 0.01252748930928841
1 0.3889376432929242 0.42777691435537535 0.03454896965993669 0.014001311580968335
0 0.4580355826127976 0.42888228105913606 0.08898977033620063 0.013264400445127934
5 0.4397141593082858 0.450621159566429 0.14238363253792116 0.014001311580968335
11 0.6600947081997005 0.15917280534153502 0.2606876801613408 0.013264400445127897
8 0.6234518615906767 0.18533315066387065 0.1832142330451191 0.02873953429777714
4 0.7561601258948494 0.10141902841933098 0.08580874042111918 0.010569711811353709
15 0.18886772285971895 0.2742472694015595 0.2188100088672117 0.012159042008810891
13 0.10652604859031073 0.3074819698954076 0.05642992497239097 0.04620433648463939
