5 0.4905983212222638 0.24327681870807794 0.12373435582994069 0.012909189018927392
1 0.44122449891405624 0.280578969370949 0.03501139768934951 0.014082751657011595
2 0.47881650292271233 0.2226379207951769 0.10712423525481064 0.014082751657012036
15 0.823879294429611 0.06610558046934448 0.16750958331863144 0.021108931231209646
4 0.1582511964884477 0.07373794196823226 0.09260692411111321 0.014392453112188406
11 0.2789992408124824 0.1361650721765607 0.3267558379502004 0.016311446860480142
12 0.2202447724953474 0.15715722016689068 0.2092107521979038 0.025682941499019948
15 0.749627922706443 0.13558187685636272 0.24280864573240626 0.014566907089305825
13 0.6571637560144197 0.16375619416082818 0.06212272747234002 0.0381181940001595
0 0.49862887657547117 0.2797851733203254 0.07624122622680882 0.0126395427434504
