15 0.8245859777807638 0.07977625505819938 0.16296073250696824 0.018622848183932998
4 0.7537799623928008 0.10997547346287462 0.07970130995100279 0.009563073935695098
16 0.6597054431943863 0.16704991543633307 0.24451507393027405 0.014197762188999201
12 0.6218081012142282 0.19284765667516698 0.17712625244940322 0.02833796144072809
11 0.246925787993448 0.16875266138124842 0.3271505714365903 0.013264400445127897
8 0.1963945309420295 0.18422778396010997 0.23233941856802423 0.01179057817344706
15 0.21254373112230204 0.28113160208105675 0.25838638126454855 0.01252748179342831
13 0.1083556032783611 0.3153979661397083 0.05834532484219444 0.047162312693788205
2 0.43394338695183676 0.4134071453275219 0.11981626342549323 0.011790574415517945
1 0.39122624068292877 0.4366198479854607 0.038549589627878404 0.011053667037606588
0 0.46832541993868576 0.4362513924175404 0.10522996087610068 0.013264400445127934
5 0.44123651911909545 0.4583587264927536 0.1406539081017187 0.013264400445127862
