10 0.7013023267460725 0.7737582224523989 0.3493188834437149 0.02569319041841482
9 0.7083575880880474 0.8001044232519202 0.3664125164013321 0.02375409742287361
22 0.7094377695845708 0.9224132819338707 0.12179828024867613 0.03062908921388988
1 0.7180622771477525 0.5694091932847831 0.03710914475235841 0.010576956604493188
0 0.8778429132281176 0.569889469744259 0.0729156405045405 0.010176845902067909
11 0.6844341722882024 0.31770950823138183 0.2224845761192253 0.009912175309912745
5 0.3288051512222017 0.3072344202172096 0.08962393965764023 0.00910550671874411
16 0.12386034674879898 0.17958385491685067 0.10303429497218806 0.01056238779374315
12 0.1997641471547736 0.19967917364950907 0.25384396883485427 0.02478202894326122
4 0.256780691858681 0.16349254089644105 0.09492237479807543 0.013244373409082365
7 0.4894731411822886 0.6273255248812712 0.836170551498799 0.025537248549840783
6 0.6493390235745167 0.7072730364810521 0.3805485823153136 0.01231818808550786
2 0.5852523956717085 0.17863984364575738 0.11662530712347134 0.010923265462536646
15 0.5804707501787546 0.07421603474119165 0.18309839178673024 0.007388390124901321
12 0.5816345111435008 0.08242535710219309 0.18232255114356632 0.007388390124901311
