15 0.8267954391597232 0.08310208996236906 0.16693031251852603 0.020315827538093485
4 0.761515428677618 0.11357583126950926 0.09045944309663127 0.013106985508447409
11 0.6976342755629866 0.17124656750667785 0.3282651955671572 0.01441768405929217
8 0.660331412430355 0.19549449069730554 0.24992918298863095 0.02883536811858427
16 0.22562879777390027 0.1697147983888658 0.2900710994911616 0.0118169666492388
12 0.21266668342465755 0.18694787475233915 0.26274556113329856 0.014771208311548528
15 0.2002004229958505 0.2828149419593018 0.23962395175356824 0.013294087480393629
13 0.3539941581125412 0.2840458759852642 0.06095697018292526 0.01575595553231839
13 0.10666300323239622 0.3172810946862484 0.0539504218860373 0.048744987428110204
1 0.39178672110404295 0.4403890626279485 0.0354377199759999 0.01441768405929217
0 0.4598644463210954 0.4397337133525262 0.09325715783157876 0.01310698550844748
5 0.44121301475477964 0.4626709379923092 0.13988573674736807 0.01441768405929217
2 0.43405368139948103 0.4176535456023187 0.1261609316178422 0.014776251861846746
