15 0.879623789799785 0.13945631193042496 0.1012853366623078 0.007609410342312888
4 0.8206999304207696 0.1797414255073755 0.07898982230268033 0.01029508458077622
5 0.8254775406406897 0.1907079286477676 0.13441010085375438 0.008952247461544544
11 0.2783448887632082 0.2020053142936559 0.27748360157296376 0.009748997485622014
8 0.19818295941990755 0.21392075566497173 0.11561816732206824 0.010832219428468903
2 0.3149569911776105 0.27689657136723306 0.10464369087985759 0.011534147247433672
10 0.3980563927586738 0.29924398165913585 0.2790498423462868 0.011534147247433743
11 0.34470862878070724 0.32051006564659174 0.16414696608605112 0.013696799856327537
24 0.2841794350364759 0.34141570753256545 0.05129592690189099 0.012255031450398307
16 0.40831557813905206 0.3637631178244682 0.295464538954892 0.013696799856327501
5 0.3275920054726441 0.38616016157615557 0.13616736959411052 0.012451636233025027
3 0.4546610377274955 0.589067735939574 0.03599948149974701 0.013084048283807732
14 0.848656742320762 0.6976448356915708 0.10514331320788202 0.01535194998633429
21 0.5280437358921665 0.11559134879356503 0.021196664009045917 0.01429852964557897
21 0.8981498225757595 0.05417361150775085 0.019315583866762052 0.022164377792770106
28 0.9352009333004554 0.05311864253200869 0.01613769860333477 0.018317667597330677
