15 0.8275016483044336 0.07845868900828505 0.1729107921830159 0.02554180678976367
15 0.7547902794091772 0.15353457360359687 0.2661917302152518 0.012511213439881602
13 0.6466234810994875 0.18272740496332063 0.048168027372283644 0.04110827273103961
4 0.12759337761612552 0.08895371323459958 0.08729291255473806 0.010088934028787992
11 0.15931457261552487 0.1536910399193227 0.1526433443580119 0.009752636227828458
8 0.1585990569388467 0.17437335467833812 0.150258292102418 0.02421344166909126
5 0.46888776522418985 0.266873830388909 0.11446628514306639 0.010832219428468938
1 0.4262509945836517 0.30532820935997373 0.027656283658727503 0.010832219428468903
0 0.47503360603724043 0.305057403874262 0.062226638232136935 0.01245705234273931
2 0.46158850220008973 0.24299655784484284 0.10531896932294238 0.012255031450398307
