15 0.7788762074750616 0.11597187134458728 0.15833555514131376 0.02110893123120965
11 0.7154054892503109 0.17114294160797613 0.23340844766521265 0.02398742185364734
9 0.7119930850446791 0.20856331969966593 0.22658363925394917 0.027825409350230857
16 0.19347516560780043 0.16440276946697185 0.10973020285577721 0.01081326304446911
12 0.25859542618108877 0.18458752714998083 0.23997072400235392 0.02378917869783205
5 0.6682890340398083 0.34101939919330065 0.13844464846289653 0.01081326304446911
22 0.816452136099721 0.8145171951193478 0.34857285935213717 0.10070752315415575
15 0.2642330134638333 0.2535076417220285 0.2489206810747028 0.0111409376821803
13 0.18219174030063542 0.27939393810121216 0.08483813474830697 0.03801025797449746
2 0.6591399963598314 0.3151151661185923 0.11738670467373254 0.011513962489750751
