15 0.8354813830614716 0.07581391034887225 0.15067882141573705 0.04649920759533497
4 0.6521242302676291 0.11199787213979721 0.08127731870678502 0.011149875087236562
5 0.622449961920466 0.15012489921485841 0.16469781532542485 0.011187564468802315
11 0.3212382680622762 0.15086146039608347 0.3746974949859252 0.008782822992424269
8 0.30209437840810704 0.16956553702644414 0.33761480184663256 0.028871835092427824
5 0.30532594779827116 0.19077076768769408 0.1721859477893126 0.008277733380676437
2 0.3292689520491944 0.228182751545708 0.138783755731823 0.008939952051130575
10 0.3216918850901408 0.24793002937627456 0.3773319150761815 0.01002852822669817
9 0.28501821975722397 0.2572551581415393 0.3081232719397011 0.010564500521041666
11 0.4508323746113419 0.287546185465137 0.397899558972288 0.009615415094993711
8 0.7357329181796031 0.288738267049655 0.14126579941926298 0.014655329478451405
8 0.23447608387811883 0.2980025548827457 0.20127814907668834 0.012098283635554057
29 0.24269729515359895 0.32663794691005166 0.028642502092333735 0.008012845912494843
27 0.3386672649847665 0.3263152709200582 0.04692137530905342 0.009214772799368982
25 0.4723829640852019 0.32691623436349454 0.21045438418906798 0.00881413050374427
1 0.5570623758698102 0.23851156911167073 0.03460357954320297 0.007935669411434048
0 0.6297192935055148 0.23847328234031295 0.11080927408199898 0.00875661051840158
24 0.28496949888626233 0.3269226046208217 0.0482503189908012 0.010723897234184286
13 0.25588201734790167 0.9180187744402178 0.2867318474623731 0.042233935309608304
