5 0.4655148112687189 0.4561060833464204 0.13863069300224984 0.012909189018927378
1 0.41116689379245214 0.4325662626283542 0.0399768434134527 0.014082751657011698
2 0.4524786573722073 0.41192048596759356 0.12326193385814584 0.014082751657012027
15 0.8489055360822749 0.07744508898197773 0.16750958331863144 0.021108931231209646
4 0.7783463055684317 0.10546239770703783 0.09260692411111321 0.014392453112188406
16 0.2515704134251841 0.16427955609218056 0.3043986292322379 0.01631144686048015
12 0.24660073055307222 0.19088378760258998 0.30263046267428867 0.034629114457810604
11 0.7030219640291422 0.16312815984320475 0.3096622044148993 0.016311446860480118
8 0.6623869306723518 0.18999407231928914 0.2262325435258767 0.03550138434339775
15 0.25727810071660234 0.27754380073567586 0.31629320133526584 0.019887753391387538
13 0.27372727679745557 0.32154981646354913 0.3469470179550715 0.06603083033894823
0 0.48332649379372705 0.43286165707348223 0.09208804572128872 0.017873162056973816
