4 0.674495871879363 0.11895000538829752 0.0981481462718557 0.013432956238042503
5 0.6894907275597854 0.14917415692389313 0.14176954461490254 0.016311446860480174
16 0.22669495451402194 0.21250095061752206 0.3148919692888699 0.012473459363896638
12 0.17898405007631438 0.22929214591507516 0.21401748562057393 0.01343295623804252
11 0.6138348648085633 0.21202120218044912 0.17039608727752714 0.013432956238042557
8 0.674495871879363 0.23696812090824232 0.2862654266262454 0.030703899972668546
1 0.7666097755195136 0.39520149882309963 0.03770418642812217 0.012998663314162613
0 0.8327844700668301 0.39411827688025286 0.06848311412454819 0.012998663314162684
10 0.19754004315762444 0.13372226514139257 0.2523551970258912 0.011894589348916008
9 0.26513518521813095 0.16187279326716048 0.3875454811469043 0.0396486311630534
1 0.2089498535203344 0.34127936044134716 0.03770418642812217 0.012998663314162613
1 0.7666097755195136 0.37339475168342035 0.03770418642812217 0.012998663314162613
29 0.3640188336721094 0.3421594667989969 0.021414438944788613 0.013106985508447409
24 0.3975370859335176 0.3418317921612857 0.04003569020112643 0.01376233478386986
25 0.5078679996273197 0.3421594667989969 0.17317763668394243 0.013106985508447409
15 0.8411908466573448 0.06122165962138761 0.17312242467396743 0.020149434357063747
13 0.11861708187347794 0.9124408932996709 0.170012023970365 0.030277136524513394
19 0.8110411999087213 0.8088157977069644 0.18435038743774526 0.012159707919428085
17 0.6994279591397664 0.806951031132354 0.031749233392056056 0.013696799856327572
5 0.2599652834362033 0.8162785499578638 0.12843076991496247 0.013480534595438059
21 0.8924243637293091 0.8860180044121644 0.013990421680193918 0.011816966649238907
28 0.9228535308837305 0.8872489384381268 0.01608898493222284 0.012309340259623696
