15 0.8264806231119547 0.07888396821827315 0.16611849340160675 0.02554180678976367
4 0.12582242322002898 0.0881718979600054 0.10032899106433685 0.020897841918897563
11 0.2025193988556746 0.1517116552648741 0.24714313424969953 0.012255031450398324
8 0.20558315671827415 0.17405906555677692 0.24918563949143258 0.026672715509690477
15 0.7155351887207331 0.1498930806860553 0.1879104822394411 0.012975915653362922
13 0.659876920883507 0.1794493330076041 0.07659394656498963 0.04036951536601816
5 0.4721247328003004 0.26241843021578537 0.12244818924189665 0.01348053459543813
1 0.4283129953651263 0.3036530066253609 0.030331202839735952 0.013480534595438165
0 0.4833585116298322 0.30206706137883876 0.07526631815786317 0.015066479841960252
2 0.46276934030420636 0.24134368350302537 0.1091507652413798 0.01688714498496765
