15 0.7657867794255737 0.07760179842610836 0.1897656994869226 0.039051522777737845
4 0.17407640937186217 0.16625930959718882 0.1001126131151482 0.013720805300286259
10 0.20662369656483448 0.19297973125738366 0.35998325077406634 0.01048558840675792
9 0.172759292819336 0.2208320754628344 0.2978211945836992 0.03735490869907505
5 0.32074209822774724 0.3007846870643636 0.16514695525202014 0.012451636233024992
16 0.3054335321510151 0.34207169141597293 0.14009657439918563 0.009830239131335574
11 0.3722345477585738 0.356489375475265 0.2699874380805498 0.011140937682180337
1 0.2570347025984065 0.36948638543450657 0.03367884536881089 0.010092378841504584
0 0.34174210155632473 0.36876550123154206 0.1030776782499969 0.011534147247433709
2 0.3027506734733519 0.3146732076190737 0.12450967075742185 0.01081326304446911
15 0.42302425988312775 0.3836468254139846 0.37170219005377575 0.010467238627046101
19 0.512962944288866 0.6384612916254059 0.16648797314638636 0.014302630221412472
17 0.6625771363731187 0.6408450633289746 0.09899284889785136 0.014302630221412614
18 0.7446962042088362 0.6253505472557778 0.11924138617241198 0.01350803965355631
3 0.3595158548333125 0.6802895477785736 0.031223068431915663 0.011513962489750727
13 0.3678459622590469 0.9553047466297664 0.2772891602032094 0.03409782280022583
27 0.2693532391910485 0.3956992876034975 0.060509658845963224 0.01395631816939475
25 0.3656747369458473 0.3956992876034984 0.12472399068249615 0.012211778398220545
14 0.08040263017714111 0.6536637717741308 0.08531974160098749 0.010308644102393884
