4 0.6539373186490843 0.11323088182475916 0.07344284408975298 0.012687561972177085
5 0.6231998139363312 0.15109636718659517 0.162989378318587 0.00834080895992109
11 0.32569740161341976 0.15191469409654942 0.3743847243340322 0.008504635088467367
8 0.3084769798808493 0.17138583232540888 0.34249505445890166 0.026856742384633706
5 0.3043313227970823 0.19108077674080698 0.16072393617065775 0.00895224746154458
1 0.5580741473403 0.23983448040067074 0.033542853362271 0.009080040625909227
0 0.6282745475913386 0.2393300336992313 0.10398284542303998 0.008071147223030407
11 0.517305894980739 0.28780088319418 0.5248852213966956 0.009371494638539844
8 0.3503903402313005 0.2971723778327199 0.43141251073701 0.01081326304446911
2 0.3304953103079008 0.2290652723298618 0.13042237185530872 0.008124164571351712
15 0.32625079524752093 0.24883407278681757 0.3781477053792975 0.008665775542775159
13 0.28110458960529866 0.2580414593010162 0.28785529409485294 0.007582553599928233
15 0.8343319903360306 0.08318195470879154 0.14739561879436963 0.04852943290055097
29 0.24882856718392574 0.32590359716773576 0.035951042561417526 0.010092378841504442
24 0.29813285412529833 0.32590359716773576 0.04827711429676065 0.010092378841504442
27 0.3520594179674245 0.32590359716773576 0.04519559636292492 0.012975915653362974
25 0.4907277249900349 0.3251827129647712 0.215706255368505 0.011534147247433709
13 0.25839565319584135 0.9206756568143168 0.2858621469954998 0.042820521656097836
19 0.7929589730614411 0.4809488153206498 0.08135207345326478 0.011101616725654963
19 0.23140368825209967 0.4916539457346742 0.1875617249061382 0.008722698855871727
17 0.46698573429384554 0.4904644867997826 0.2542252295414524 0.007929726232610648
5 0.683924596835885 0.501169617213807 0.16157425699745637 0.008722698855871727
