15 0.8133522403436345 0.06585410130751618 0.16224855019896423 0.02180674713967938
15 0.7303701574174468 0.13650796204007734 0.22912963196036912 0.013084048283807626
13 0.6511036901446704 0.16529286826445413 0.07059669741481642 0.03925214485142289
4 0.14335370011103693 0.07741708982987769 0.08074867456234276 0.01191544137131582
11 0.175653169935974 0.13780671314359197 0.14996182418720788 0.012457052342739274
8 0.17449961744222622 0.15784631908625948 0.14457857921638506 0.023289271771208212
5 0.47216573144071494 0.24508279532534177 0.11081794289936753 0.011319669302750057
1 0.4315606836607941 0.28231854961070374 0.02791597034869568 0.010723897234184215
0 0.47766433166091266 0.28321220771355243 0.059215694679051294 0.011319669302750022
2 0.46346509964739524 0.22584188872264163 0.09908308409097025 0.014828588054982
