15 0.8217982168370558 0.08046017851038427 0.16595891256396328 0.020149434357063737
4 0.7524219501094973 0.11116407848305282 0.08433977523742399 0.012473459363896601
11 0.6170702140429863 0.16825414249473347 0.1809224210738288 0.013432956238042486
8 0.6830456833819389 0.1946403065337455 0.31015272184084935 0.03358239059510623
16 0.24026186338546313 0.16921363936887934 0.3305575061724843 0.015351949986334254
12 0.201492773155357 0.1864845831035054 0.24757804989050264 0.013432956238042486
1 0.38895142489081586 0.43859007497571495 0.03623552985605528 0.01376233478386979
0 0.4535249973266067 0.43859007497571495 0.08547868581428425 0.016383731885559243
5 0.440517371224433 0.4605442757023644 0.1449421194242211 0.01441768405929217
22 0.62098560315942 0.8730524739692567 0.4148972814099081 0.06812427806435849
15 0.18870320207052757 0.2817353171488474 0.22577522448772913 0.012451636233025027
13 0.12134228118427089 0.3187625512102113 0.0891951504149053 0.0524279420337896
2 0.4313866766251094 0.41581935583193286 0.122428705989809 0.016311446860480246
