15 0.8236585928071892 0.07836421654037772 0.1661115590996765 0.020039605942667526
15 0.7617512756427264 0.15418975253966025 0.28377391346194714 0.011373830399892385
13 0.7602132056510627 0.18181191208225583 0.28223584347028396 0.03953760091391155
4 0.1256674920347855 0.08840366843913522 0.08561758371736165 0.011097827431666828
11 0.18134518451356058 0.15314099512385834 0.20012453617371037 0.011097827431666847
8 0.1884362113858574 0.1751516861966642 0.2111550224195054 0.027744568579167038
5 0.4682498208306967 0.2669392895125797 0.12012326634893278 0.01191544137131583
1 0.42510695756453076 0.3062602460379219 0.030453785834940773 0.013106985508447444
0 0.481784836757337 0.30566447396935614 0.08121009555984181 0.011915441371315864
2 0.4615785472377857 0.244553618196843 0.11209764718631937 0.017414868265747962
