10 0.27639297017400255 0.1234460497136843 0.29426893002909243 0.01153414724743369
11 0.2753604476124969 0.24239194320284443 0.29426893002909243 0.01153414724743369
9 0.28465315066604724 0.14759567051299866 0.3025291105211372 0.03388155753933658
8 0.2825881055430361 0.26509979559622965 0.3025291105211372 0.03388155753933658
4 0.5959587029599819 0.21067303827240177 0.07640666955141341 0.01441768405929217
2 0.2707140960857218 0.2964582584251901 0.12390270738067054 0.010092378841504547
1 0.5220644883256963 0.3068011951765103 0.03147293168076175 0.010579928818188972
0 0.590838672368842 0.30761503585483246 0.10024711572390736 0.009766088139866796
5 0.6730477184151957 0.2536238238848841 0.14739240171755186 0.009748997485622048
24 0.2522602509544244 0.3385469823815135 0.08874574082362077 0.013106985508447338
19 0.6825981529058736 0.48983102007076335 0.08635643241683084 0.011140937682180265
19 0.20247516180577535 0.49998893383981013 0.14736912923307027 0.009174889855913264
17 0.3235618985641578 0.5003166084775214 0.08541777554273501 0.011140937682180337
21 0.19688127029757788 0.8118144384192771 0.017919813050923425 0.016681617919842323
3 0.45054621646248605 0.5650831606833319 0.03520901934734063 0.011101616725654892
28 0.2981990582012262 0.810293610188337 0.01706648861992704 0.01489430171414483
