10 0.7251566256383163 0.7897841740341248 0.3652217493718771 0.025693190418414807
9 0.734767704718746 0.8169316724127333 0.3885629368012717 0.02375409742287364
22 0.7332920684768144 0.9444489653587437 0.1297497132127569 0.03062908921388988
1 0.7449454088820615 0.5766335140579125 0.03710914475235841 0.010576956604493188
0 0.9098466414832476 0.5765117637862942 0.07718280427189128 0.01017684590206791
11 0.7076902148202632 0.31484988125868474 0.23571278379801286 0.012019268868742187
5 0.33477918049649247 0.30392327319619183 0.09645140168540131 0.00910550671874411
16 0.11866614677358793 0.17098287510252783 0.1098617569999491 0.010562387793743149
12 0.1993861701092311 0.1913792072007332 0.26820709656547215 0.026588109136543542
13 0.5997434831768658 0.06899180899962502 0.18895490056112785 0.0076891651280448945
15 0.599889413245236 0.060159822063884344 0.19224635241134927 0.00812722913739143
4 0.2597677064958264 0.15476315329557644 0.10174983682583656 0.013244373409082369
7 0.503388148869431 0.63734174461985 0.882175270790983 0.02874243886618501
6 0.6703535249795888 0.7204944465359765 0.3987232862332127 0.012318188085507841
2 0.6048813490015214 0.1693084293137984 0.12686650016511294 0.013331372386913216
