15 0.6124405230545364 0.10937991779728932 0.08454938861819543 0.022679017025266576
4 0.8468164017976224 0.15386568196223524 0.08330601525616331 0.013956318169394794
5 0.38105293496938714 0.3119420979584548 0.14591654331287982 0.011534147247433601
11 0.4623983251224449 0.3451330484313512 0.3010813182441816 0.011534147247433638
16 0.4608569531860413 0.36171338509953715 0.30005373695324583 0.010092378841504513
1 0.3308241119981561 0.3949383091697322 0.036285740551451014 0.009748997485622014
0 0.3937451301884382 0.39466750368402054 0.08492407363105556 0.010290608457045493
1 0.33195445141818547 0.37749291145798886 0.036285740551451014 0.009748997485622014
10 0.23432608077572734 0.15529222979678345 0.34818870188732803 0.011915441371315847
9 0.19865796985068399 0.18954912373931643 0.2700585541467569 0.05183216996522383
23 0.661144512973556 0.4149297207282911 0.19362680354920075 0.14280191977913284
2 0.38090742945859085 0.29455415030396875 0.14908046610767112 0.014392453112188406
13 0.24222156465750963 0.7134354996412688 0.3550576972619396 0.03060795028525419
3 0.72310075227541 0.8594927306334135 0.026110840602677998 0.011339508512633358
22 0.644395218458765 0.7291210705431213 0.344663095955349 0.1669524561013853
19 0.6990471294171853 0.6244320318475738 0.14671805671980975 0.012211778398220473
17 0.819032658853301 0.6226874920763994 0.07833252180803413 0.012211778398220402
14 0.4565893238208896 0.6362076753030007 0.1218505894791641 0.01308404828380766
5 0.7353106601963336 0.6370592411108142 0.154856500544021 0.0118945893489159
