15 0.8274837449298031 0.07600136097140611 0.17923835630248447 0.024275270915891083
4 0.758775708347184 0.10608158797587987 0.09559379002799162 0.0168871449849677
16 0.23674399561619816 0.16254797901936563 0.3211353883752846 0.01583169842340725
12 0.19118758005598338 0.18893414305837766 0.22703525131648022 0.034829736531495924
11 0.678118448011066 0.1620202557385854 0.3047052057142235 0.014776251861846763
8 0.6646755712883796 0.18840641977759742 0.2628829225769772 0.033774289969935437
15 0.2025680970018836 0.2769920647275432 0.24855418205550722 0.015073033334714481
13 0.1288365392652686 0.31041487777408405 0.10294594853791533 0.0491511956566778
2 0.42940018309776307 0.41026451315435325 0.12492370287748919 0.016311446860480104
1 0.39002205936464135 0.4323329412597087 0.03802025739749673 0.016311446860480174
0 0.4565575098102606 0.43377218657092753 0.08418771280874267 0.019189937482917897
5 0.4409420469505745 0.4558406146762831 0.1425759652406127 0.021108931231209594
