15 0.23471342952407678 0.09917272464183391 0.23226655723661088 0.03454188746925214
15 0.7477492662437671 0.06271184342429001 0.14892385140465036 0.01535194998633429
13 0.8051327686198713 0.10253096370134455 0.2582257606924674 0.06044830307119125
4 0.2265157863274905 0.20855536829446567 0.09563917062683977 0.01535194998633429
10 0.3023439858959135 0.25557071512761437 0.34293474039052557 0.04413685621071107
9 0.29482947963237605 0.3102620369539303 0.33063827559564607 0.05948880619704529
5 0.45673293276495486 0.39661675562706067 0.3046790721397896 0.01727094373462599
11 0.46902939755983425 0.4134079509246138 0.33200454946174374 0.014392453112188335
16 0.49908742261398387 0.4301991462221669 0.39212059957004297 0.01343295623804231
1 0.32763958108426616 0.44513919508511646 0.03951736419918049 0.013428371192316888
0 0.38787169264592036 0.44513919508511646 0.07584784418874982 0.012533146446162461
2 0.3700614869683201 0.3809279882193758 0.12793291655278566 0.013956318169394777
29 0.3230492453030489 0.46051016953089663 0.031051678774948036 0.013084048283807732
24 0.3690057298899718 0.4613824394164838 0.05340888749291046 0.01133950851263337
27 0.6081036564570712 0.4609463044736919 0.4148504284333051 0.015700857940569128
19 0.8281731142708827 0.7409090788087624 0.12296464794879412 0.01308404828380759
19 0.20589747162092542 0.7574822066349195 0.16022666247873193 0.01308404828380758
17 0.3332093545982119 0.7566099367493315 0.08694470056985434 0.01308404828380759
14 0.18416129647846152 0.7718746597471072 0.10681777498582103 0.015700857940569222
18 0.5574307041522226 0.7567279284964341 0.09597791621347561 0.015859452465221295
