14 0.53378592396019 0.0969309121139423 0.08810119252387352 0.015859452465221347
4 0.7348373633095426 0.16631601664928575 0.1129502468254789 0.01665242508848241
11 0.21865473531710364 0.17781411968657124 0.3004476565557741 0.012687561972177122
8 0.24745704825760076 0.20794707937049156 0.3535342725637489 0.03964863116305348
5 0.7142245805068557 0.20737479065295455 0.13328129125406524 0.015859452465221368
2 0.41879846541014953 0.3010874518354301 0.1324598349135161 0.015138568262256662
24 0.39620841604505375 0.31478425169175767 0.08522609533195222 0.012255031450398378
16 0.4804076909513199 0.32884149364956755 0.2618392085499739 0.01441768405929217
1 0.3715735049423603 0.38409347545166583 0.03303796158535427 0.012207610174833477
0 0.4405474949188016 0.38368655511250466 0.1049100183675285 0.011393769496511226
19 0.2756132857862562 0.4792601955243835 0.134184893228669 0.012211778398220402
17 0.409176952657385 0.47838792563879634 0.0906990482008596 0.013956318169394777
