5 0.441017745268768 0.4592690914195334 0.1394165327284092 0.012909189018927368
1 0.3931056268989519 0.43638461997688965 0.0399768434134527 0.014082751657011696
2 0.4347481721212978 0.4119204859675934 0.12326193385814584 0.014082751657012027
15 0.8263620172916626 0.07744508898197773 0.16750958331863144 0.02110893123120964
4 0.7603114905359419 0.10862873739171924 0.09260692411111321 0.014392453112188406
16 0.24211957579296534 0.16427955609218098 0.32275896849773844 0.016311446860480198
12 0.23201331623100127 0.19198903415558977 0.3107176485600852 0.03335052802146157
11 0.6779185654076721 0.1652390529663269 0.29552503723693474 0.01631144686048019
8 0.6547842446054325 0.1940239591907036 0.2410851964461822 0.0393393718399818
15 0.21706940572981434 0.27797993567846946 0.2781060944956194 0.01727094373462607
13 0.11442903981735629 0.3158800622072319 0.07554909573279481 0.05469132182631577
0 0.4574359351942558 0.4371536554984266 0.08162514122392807 0.016248329142703355
