15 0.7614437598838802 0.11249749260755278 0.19791575544847986 0.03401852553789983
4 0.24191490183162023 0.17312024965586142 0.08658814300871004 0.012211778398220473
10 0.26850983147000973 0.19405472690995368 0.31542823524601504 0.006978159084697388
9 0.15223432514402777 0.21019171979331638 0.08535116953715702 0.020062207368505013
16 0.4048778520253288 0.2666100862732076 0.21889801329554295 0.009207386514198532
11 0.42139121092306275 0.2769006947302531 0.2519247310910109 0.008124164571351712
2 0.3546353821227074 0.2456699996230498 0.11656556522783208 0.009359167800705705
10 0.452529105751789 0.2973652087474392 0.3113344199626258 0.010156190461410364
1 0.31126936500920094 0.28753669292374 0.029739407280011995 0.009174889855913193
0 0.3874765961642317 0.28786436756145123 0.09665307366003902 0.0111409376821803
3 0.5874976726013358 0.6826190688792865 0.028886595138011305 0.010141957296597866
19 0.7471510936807545 0.5486547630528054 0.07421840829317987 0.010308644102393955
19 0.13091340057980527 0.5589634071551995 0.04048276815991625 0.01030864410239395
17 0.244490055695126 0.5589634071551992 0.05622606688877273 0.011894589348916042
14 0.4542132851902483 0.5589634071551992 0.10008239906201545 0.011894589348916042
29 0.31249289256380564 0.30810788650472687 0.02653309252067185 0.00935509859731411
24 0.35194341170638355 0.3078616996995344 0.037006681673568596 0.009847472207699078
27 0.39523424687169034 0.3081078865047268 0.03979963878100776 0.008370351376544178
25 0.5125384453841343 0.3090926337254967 0.18224045126040417 0.011324593038853869
13 0.4085026173310138 0.9146374838569287 0.33633410920738577 0.023068294494867417
