4 0.25262403784146686 0.10906641142166693 0.132528565011478 0.013432956238042486
2 0.4112026517161263 0.23594347291184373 0.12625971865516028 0.011534147247433709
10 0.5333563632605494 0.2507215990726182 0.43421025196042917 0.010813263044469147
5 0.41068940082728433 0.26586016733487494 0.14576325243116067 0.012255031450398307
1 0.2751911661729658 0.27883608298823787 0.03490106044126378 0.012255031450398341
0 0.3475595414997041 0.2791965250897202 0.09341166176926506 0.010092378841504513
29 0.2901984362033889 0.2943494514588294 0.02545045729795614 0.011915441371315793
24 0.3338883878982136 0.2937536793902636 0.05005256601931372 0.013106985508447373
27 0.38436512820582663 0.29345579335598065 0.04581082313632095 0.01251121343988153
12 0.5154349832903006 0.29345579335598065 0.2112387955730357 0.01370275757701318
11 0.4831977373795561 0.3223507386814216 0.29098356177329826 0.011915441371315758
16 0.5417337891648553 0.33515983815558614 0.37242502512675785 0.010128125165618514
14 0.12965938989267278 0.5904736054444976 0.08744152743025349 0.012473459363896567
3 0.675485799398708 0.8173946161799996 0.04235448984903025 0.013432956238042465
19 0.31983680798978603 0.6173733254246393 0.3692326894330176 0.013480534595438272
17 0.637693083449708 0.6161838664897477 0.25293003802139435 0.011101616725655034
5 0.7218149041309307 0.6304573737084469 0.14340229834248702 0.011101616725655034
13 0.17182021788028734 0.9254064056170804 0.20954209841983878 0.028597059291158047
