15 0.8278494928716883 0.06753864243554285 0.1666854116639206 0.021108931231209632
4 0.7574863887676563 0.09728304553406553 0.08061015809976496 0.01535194998633429
16 0.25469760604369845 0.14957562517501669 0.29101633347881245 0.014392453112188371
12 0.24786623671320995 0.16780606578378862 0.27188849935344456 0.016311446860480156
11 0.7042017079898454 0.14957562517501669 0.321074358532962 0.014392453112188371
8 0.6741436829356958 0.17500229233988282 0.2554932129602719 0.03454188746925212
10 0.25811329070894273 0.2584785203905755 0.2923826073449102 0.017270943734626093
9 0.14881138142112588 0.2930204078598276 0.07104624103708097 0.049893837455586405
2 0.4559181302651386 0.385470291012487 0.12646501901069726 0.015066479841960287
1 0.41188120400248507 0.4056910929056442 0.04064947039629559 0.015859452465221295
0 0.4745491375301074 0.40688055184053584 0.08468639665894905 0.016652425088482446
5 0.46099931406467554 0.42908378529184565 0.1388856905206765 0.015066479841960358
