4 0.63563006357828 0.12270451870345944 0.07333105515571674 0.00935509859731411
5 0.6052500550137688 0.16012491309271573 0.1536460203262636 0.00935509859731411
11 0.2848647090416966 0.16399062874167028 0.2891338746139689 0.017725449973858234
8 0.30895919859286064 0.18270082593629844 0.335926071713331 0.017725449973858255
5 0.3012768975765474 0.1972258474426545 0.15155084732181462 0.010339845818083972
2 0.32502219162697005 0.23440005502671832 0.126408771268426 0.009847472207699041
15 0.31943506361510593 0.2536026258317314 0.3596713657637536 0.008862724986929145
13 0.3159431086076908 0.2634500980394304 0.35129067374595735 0.010832219428468903
11 0.44124046832119107 0.2910173483157973 0.3793527924156463 0.010813263044469178
8 0.7152742914138958 0.2920986746202442 0.1339493687505383 0.010092378841504513
8 0.20810721583933842 0.30038884295433715 0.1380394258116234 0.010813263044469074
29 0.24491811350415552 0.3278861611680198 0.023046903048939492 0.010290608457045422
24 0.2833296185857215 0.3284277721394433 0.044557345894616525 0.010290608457045422
27 0.33595338054746676 0.3289693831108667 0.04532557599624777 0.009207386514198532
25 0.5985135295851366 0.32924018859657844 0.3860706496800708 0.009748997485622014
25 0.31425953428847675 0.33871545048113333 0.18311185462478163 0.01046723862704603
13 0.2508211639514084 0.9082958140899475 0.270416995774224 0.03098014756542099
