15 0.8233847246810287 0.09790448180758306 0.16168281866463857 0.02216437779277012
4 0.758262478274438 0.12587381568893583 0.08533259873967027 0.014776251861846746
16 0.20509764960236532 0.17495208080149824 0.19461820765187945 0.013720805300286259
12 0.26423164346582095 0.20133824484051024 0.31588032165035823 0.02849705716213304
10 0.6708935585797842 0.17919567379487986 0.2536346635005422 0.013956318169394777
9 0.6863590868420124 0.20405536553411438 0.28456572002499875 0.028784906224376777
5 0.4535719554389537 0.4590375840258072 0.13745761519468402 0.014392453112188406
1 0.4079795781219049 0.43552991060923285 0.03266319568982595 0.01343295623804252
0 0.46786210355325253 0.43744890435752465 0.07893605625041268 0.01535194998633429
22 0.49189285713219455 0.7193640152492559 0.10412653257232017 0.07114794797596745
15 0.22093660007427063 0.28560010121609836 0.22382837266788433 0.015859452465221368
13 0.2597410164413158 0.32524873237915175 0.3014372054019747 0.060265919367841224
2 0.4447256732729589 0.41474503087288894 0.11704311788854295 0.0163114468604801
