15 0.7941615265687472 0.10955296755910521 0.16903291857930683 0.02974440309852268
16 0.20731740198494422 0.15992655345176454 0.1676697498810866 0.013432956238042503
12 0.258253731441685 0.18007921093571924 0.2649296201469891 0.02561819894832901
11 0.7330790740288886 0.16583114735475235 0.24989719186005452 0.026672715509690442
8 0.7294944831620437 0.20547977851780572 0.24682468540275893 0.03243978913340733
10 0.2990620063533545 0.25224377686019656 0.35333824258901153 0.013696799856327537
9 0.17411341042332726 0.27999781867433393 0.09729603781436552 0.040369515366018016
2 0.6708938887638445 0.3165885901182666 0.12662450854309767 0.011796286957602646
1 0.623409698060183 0.3306785995398476 0.03165612713577452 0.011140937682180265
0 0.6870759100002407 0.3305513209615631 0.09464520266651072 0.010832219428468903
5 0.6801741846204462 0.34405744125929116 0.14623082399089576 0.012211778398220545
