15 0.8288496213730676 0.08278643330642221 0.16347214166971824 0.02180674713967937
4 0.7601170163528451 0.11375201424476696 0.0953587493073357 0.013956318169394794
16 0.24671683970731462 0.16869494628444356 0.3332489940374424 0.014273507218699244
12 0.20562363605067052 0.18614034399618706 0.2488109043320093 0.015859452465221368
11 0.6215409491621897 0.16982039480210695 0.17609291298448773 0.01137383039989242
8 0.6872874297743019 0.19527611045900897 0.30604794483766895 0.029788603428289484
2 0.4416348518245325 0.4627523601985125 0.14241891130316361 0.014828588054981964
15 0.19135728346163947 0.2821024762925573 0.223121255221629 0.013696799856327537
13 0.12585379569015206 0.31850712854227 0.09006729568579522 0.054787199425310185
1 0.3914603166989244 0.4389970931993315 0.03602691827431812 0.015859452465221368
0 0.4561961854730896 0.4397900658225925 0.07993472492114335 0.015859452465221295
2 0.4338080038294367 0.4162406746596947 0.1201272556209294 0.013956318169394777
