15 0.23439488930868208 0.11391564399537991 0.21315001463079747 0.03401852553789983
15 0.7269944870746238 0.08033325340027368 0.14003460263534948 0.01570085794056913
13 0.7771838800545501 0.11914926330890296 0.2428918771374204 0.05669754256316635
4 0.22572017941091707 0.2194603001514281 0.0892255875198687 0.014828588054982
10 0.2951178585930372 0.263946064316374 0.3222035104884148 0.044485764164945894
9 0.2870627708308268 0.3180267972227789 0.306093334963994 0.06018662210551508
5 0.44266484108632037 0.4010642562227092 0.2886293944732374 0.013106985508447409
11 0.45849290465420756 0.4161372895574237 0.31469914623211037 0.014417684059292099
16 0.4864247815387144 0.43219334680527166 0.36870077487549024 0.01376233478386986
1 0.3232861370051839 0.44679015038783204 0.03726702038983376 0.011097827431666757
0 0.3794255587462797 0.4476308948902311 0.0731006938415971 0.012106720834545772
2 0.36222354106427096 0.38586005662794476 0.12290025829183011 0.012451636233024956
19 0.8005146218084664 0.7339270324718121 0.12020669429760061 0.017445397711743454
19 0.2069166159471177 0.7461388108700333 0.14499157971978652 0.013956318169394468
17 0.32464482170250003 0.7474472156984133 0.08055087762210376 0.016573127826156338
14 0.18399059693159592 0.7627119386961888 0.10409651877318016 0.01570085794056908
29 0.3179743077668291 0.46270190300524994 0.030417813927228005 0.013480534595438201
24 0.3613478572556541 0.4623054166936194 0.05407611364840527 0.012687561972177122
27 0.5925232431025873 0.46274155163641334 0.41142909800828276 0.016890316875460595
18 0.5395947106159812 0.7488008459949831 0.09319936253797109 0.013696799856327572
