15 0.7786883289442821 0.13063090587832493 0.15332584439612312 0.020097576432011984
11 0.6965589921355082 0.24089075013273792 0.1871545829151316 0.011073044866122324
8 0.7149612209995485 0.274663536974411 0.23178977633003753 0.04872139741093811
16 0.2556885729672274 0.24199805461935014 0.2294405556239899 0.011073044866122287
12 0.26195316151668785 0.26109905701341113 0.24980046840973644 0.023807046462162907
15 0.2603870360055469 0.3303055888383695 0.23727129131081537 0.011626688639264858
13 0.1840373414327732 0.35605041674041005 0.09240268110454199 0.03321913459836687
2 0.6621037551134756 0.3939755954068789 0.1213764031457967 0.00941208813620392
5 0.6715006379376663 0.41833629411234796 0.1370378745194479 0.009412088136203992
1 0.6188595019457247 0.4065539073019636 0.027730524478755215 0.008508334364277843
0 0.6805991602191801 0.40692383488301914 0.09365592229617384 0.009988044688500182
4 0.24911261349465427 0.20479871509221376 0.12337193616018932 0.014828588054982
