10 0.25819255275297115 0.23657177693603693 0.2784033850494009 0.00852388174766606
9 0.23768773912381413 0.25747558217435973 0.2385489585589263 0.020294956542061277
16 0.4329166688887466 0.30983657005287685 0.1900305263096535 0.008929780878507236
11 0.4490894796385043 0.32079584658559 0.22468654934484833 0.009741579140189244
2 0.38324303587163355 0.3325669213799853 0.09183846104326704 0.007306184355141952
1 0.35089741437211813 0.42267652842673586 0.027147218044236185 0.008929780878506861
0 0.42280866217014806 0.42328537712299763 0.06007043992767151 0.009335680009347981
4 0.19610051148157998 0.20409984646873977 0.07451044952566944 0.01014747827103047
5 0.6451848099793167 0.2481399021650119 0.13169288753374148 0.00974157914018928
29 0.20016963442736205 0.45968076567768007 0.02719905856092046 0.008523881747665604
27 0.2816444747900897 0.45957285102832285 0.03609753284326366 0.009335680009348039
25 0.3897142005948427 0.4587970243164265 0.16617950955216113 0.008523881747665604
21 0.8665790848713908 0.9166348019985745 0.005250912581090148 0.007379984197113032
28 0.8933110034660317 0.9166348019985745 0.00620562395947033 0.008050891851396074
14 0.5886503345837515 0.7041543085222993 0.08721765797190777 0.008117982616824407
15 0.25757349086751724 0.09586266007667316 0.1771606227326502 0.02141026082804883
24 0.23802630403203617 0.4593515313117588 0.03737527641465405 0.010357972269555801
19 0.8913312021394759 0.6931126062397368 0.013653780478121434 0.015700857940569222
19 0.17202522149662294 0.7040700461247986 0.11386698971235766 0.010092378841504513
17 0.2746080951113596 0.7047909303277632 0.06873052532187358 0.012975915653363045
3 0.5751759148025379 0.750927519317498 0.033852348292863044 0.011534147247433851
13 0.26490293460441655 0.8602192628943109 0.30495090610926257 0.02686932029231727
