15 0.2820295318630784 0.06447972250707368 0.3802174615132607 0.011053663279677637
13 0.27680675695155077 0.08511323431060613 0.36559380377030976 0.025791908544061742
15 0.6874597198496087 0.06268801218397473 0.10445517820390958 0.0203781856352855
2 0.4982520905067953 0.2118619515541265 0.16712858381779291 0.011053667037606588
5 0.4972075368579341 0.1974921844052379 0.16712858381779291 0.011790578173446989
21 0.8693099948180807 0.01281178744840598 0.009728784504857514 0.00823614907397527
28 0.9066036687533677 0.01235422361096291 0.015566055207771967 0.009151276748861414
11 0.5697565357424761 0.3736322163951321 0.2676129183032843 0.010353296949824368
8 0.5447217788689429 0.4001244700258765 0.21409031260222455 0.03775909541638392
16 0.6016974710138951 0.4409286434632639 0.32458847269571967 0.012180343141281106
12 0.593064757659214 0.4686389413464616 0.3176824320503503 0.03715006552584036
1 0.4545103494167872 0.5493337527026012 0.03712050157110069 0.00974429190509408
0 0.5486064825217327 0.549333755808328 0.1044553648861207 0.01218034935273451
1 0.4877461252946956 0.5898334174061703 0.10704516732131367 0.010353296949824368
24 0.46745933955234986 0.6032318016941783 0.05956545600944062 0.010353296949824297
29 0.45019402304500034 0.6163223363186148 0.021581686959942274 0.0109623144174612
4 0.20847909603304238 0.15864905031936744 0.09409615514534832 0.0091352620145509
21 0.865857280832884 0.15590847171500216 0.01208574469756769 0.010962314417461094
