16 0.4682147246311698 0.05990565007303861 0.24008035615499423 0.022281875364360593
13 0.37760073806683353 0.09169008993102355 0.3839417368860025 0.013762334783869772
4 0.7901428647740087 0.11817996299287117 0.07708914844600173 0.010467238627046118
5 0.35061038129559546 0.1164354232216968 0.11812046939306718 0.012211778398220456
11 0.3933109545885469 0.15263580396313883 0.19626802656873277 0.03604421014823036
8 0.4139313416902727 0.19552841403953292 0.2373712782061637 0.028114483915619673
1 0.10559470506356906 0.3965254507574243 0.033120388716111684 0.012511213439881602
0 0.2839352596887859 0.3965254507574243 0.07388394405901838 0.012511213439881602
16 0.7473418232687675 0.8076322457244762 0.22108333218002088 0.01871019719462808
10 0.7088107892062773 0.20852230984559575 0.19192840640618578 0.02383088274263166
28 0.7147554743604512 0.23473628086249057 0.20721473965977566 0.026213971016894818
2 0.18038336669906044 0.2993609079553589 0.0868773273245699 0.011796286957602646
1 0.10372637544368583 0.35917054205834914 0.033120388716111684 0.012511213439881602
27 0.1508207124676669 0.31205531221921506 0.058674814508729335 0.011373830399892456
14 0.6488931102623278 0.09219092627396094 0.054042592310671794 0.010832219428468957
19 0.6202558399947355 0.628904308366976 0.11548653138408035 0.008952247461544686
17 0.7044780617776005 0.6282328898073601 0.045301346565025824 0.01029508458077636
14 0.4230252358036843 0.6288046661651027 0.042184934526854574 0.009248189526388942
3 0.1878114675661064 0.8589204682741751 0.0191568435537699 0.008394321349726066
