15 0.34898921313229747 0.06687314257818248 0.22116447391923885 0.009830239131335556
4 0.8493471463283555 0.19805516920328686 0.14744298261282565 0.015073033334714516
11 0.23592304988706553 0.19362873971918731 0.3275473854246954 0.01376233478386979
11 0.20979391372783054 0.20837409841619065 0.28088821371177575 0.013106985508447409
8 0.3931644585596045 0.20935712232932416 0.07465467474067132 0.012451636233025063
8 0.25038739311807057 0.23098364841826238 0.35834243875522226 0.029490717394006688
5 0.5149610408037375 0.26196921750950763 0.14532185666675665 0.01308404828380759
10 0.5772342163589717 0.28703705827754844 0.26760901344227905 0.011101616725654928
9 0.5738467604926137 0.30448245598929197 0.2653507095313737 0.023789178697832085
16 0.5708370572804434 0.322733081355747 0.2555989426433733 0.012255031450398378
12 0.5816153259461279 0.3403947443283799 0.27715547997474216 0.023068294494867417
2 0.49475993103093197 0.38178358995738987 0.1061402838125494 0.011894589348916042
24 0.4665311321446156 0.39367817930630594 0.051940989950822 0.013480534595438201
1 0.4590290272361932 0.4175198340318478 0.03064772192563858 0.009752636227828475
1 0.45855015658110504 0.4296265548663934 0.030647721925638572 0.009752636227828475
0 0.5090710106929001 0.42996285266735307 0.06656302105724655 0.0110978274316669
2 0.4997954008900527 0.27546551554283477 0.11302811074081057 0.012211778398220402
