2 0.3587425200857488 0.25829282550905336 0.11597920511195497 0.008523881747665598
16 0.40984737666480997 0.2793907937094772 0.21627879294333932 0.008871506172337255
11 0.4255767434243255 0.2903415591409561 0.25088339981427343 0.007485333332909576
1 0.31429147360075277 0.3007378554366638 0.026739923491176504 0.00887150617233722
0 0.3813378994131879 0.29962891716512163 0.08926415636025098 0.008317037036566183
10 0.4574287111123445 0.3115500035841998 0.31301439851436014 0.008871506172337255
29 0.31535614462587985 0.321114596176251 0.02886926554143069 0.009703209875993895
27 0.40064442814558143 0.32125321346019375 0.03664688661984735 0.00942597530810834
25 0.5167245230373161 0.3217244750623678 0.1882897975908449 0.009814029376686012
10 0.2714415875568195 0.19588654784779266 0.3145602020326516 0.007379984197112996
9 0.17696884801123947 0.20677202453853438 0.1256147229414915 0.008486981826679986
4 0.20837252874661233 0.1748535928860204 0.08060278055412365 0.011069976295669581
15 0.7728928680105059 0.11408707446883824 0.19189627467772738 0.037420378091689785
24 0.3543792617330592 0.32136511444055466 0.03772719022484956 0.009171758207989135
19 0.5237617663399249 0.5198882497896252 0.11506353027097767 0.011339508512633288
17 0.6697563531353589 0.5194521148468317 0.04825244817815189 0.012211778398220402
14 0.17362220648307858 0.5303554884166714 0.10269110766119517 0.013084048283807732
3 0.5887169850412832 0.613221127547453 0.0296938142634783 0.01308404828380766
13 0.37374886806341834 0.924097519798577 0.27096628029689046 0.012975915653363045
