15 0.8416011551653554 0.07508495258802156 0.16889162060960858 0.01946387348004441
4 0.7755798852906903 0.10428076280808816 0.08802835983288673 0.014417684059292153
11 0.6945428226049107 0.16229488040113918 0.2876190884411065 0.012998663314162738
8 0.661089800286225 0.1880214015437529 0.21917497381207307 0.029788603428289564
16 0.15980132040881567 0.1633993773856075 0.12202869355348142 0.012980758819239603
12 0.22812467747652007 0.18108006612215802 0.2599465399134056 0.013428371192316853
15 0.1962029337492187 0.2763766060632026 0.19702549479989173 0.010986849157350171
13 0.12542398033870042 0.3107613747223169 0.05546758797885515 0.04801660002101173
5 0.45972176299665934 0.45529820251495834 0.14227839554385213 0.01441768405929217
1 0.40956606960350284 0.4322299080200909 0.03377832412192177 0.015859452465221437
0 0.47405196110898984 0.4322299080200909 0.08495760309453032 0.012975915653362903
2 0.45061605674088817 0.409609319649508 0.12874744478311093 0.015325084073858193
22 0.7260137064534553 0.6821266968325793 0.1606225014277557 0.06108597285067873
