21 0.8893227688916528 0.10625918152375449 0.010695571397745135 0.01104283995868978
4 0.21158920292701716 0.14321548299845877 0.14412539198120597 0.012473459363896601
16 0.20758755382060165 0.19456503146733925 0.23854553778739823 0.011140937682180285
12 0.27793203929542754 0.2134042014166882 0.37640398879039566 0.02335271608040058
11 0.6314281958904653 0.19316504974381865 0.22111316861499108 0.009771945710226118
16 0.6648052967093706 0.2315214426357517 0.2827800180845303 0.009361918063836199
1 0.7752584474052788 0.30204958059810577 0.033770010971845184 0.010832219428468974
0 0.8589080612528623 0.3009052932578239 0.08694410307704484 0.011245518740616006
15 0.23479057285390312 0.08066955256139235 0.18470508874434408 0.014592978393029622
5 0.6753046265615441 0.13991842225978515 0.13125639220491991 0.01272846507360761
26 0.2405345311696339 0.28324514674565576 0.02358181678133665 0.008304783649591734
24 0.274728143793855 0.2829683149772267 0.038516996354471776 0.011073039219346721
25 0.35372725172004993 0.2829683206240027 0.1100484783129044 0.009965740379510066
14 0.8827460081813692 0.8649935066099915 0.10533211495663707 0.009796432426142698
21 0.901580020871281 0.8531540376493953 0.007146005085253648 0.009608840586304552
28 0.9285399491474646 0.8540691653242815 0.01039418921491432 0.010523968261190503
2 0.1360120585891561 0.40295640746184064 0.09891786079211354 0.011388626644806762
13 0.2979330956530438 0.8885588670227684 0.4134907665575145 0.03532332594526565
28 0.9233347694717299 0.10602276737692645 0.009453838084414912 0.011097827431666811
