15 0.777734262682332 0.121965199327912 0.15636515224250858 0.019694944415398048
11 0.7156070370145496 0.1756339228598717 0.23035937607155296 0.0256034277400175
8 0.7121167434377078 0.21526999849586026 0.22198267148713277 0.027080548571172366
16 0.2648335909615039 0.17040690986939114 0.2510917199179928 0.010832219428468903
12 0.2452530439954218 0.18882168289778833 0.21346635515963908 0.02274766079978473
15 0.23834226271327524 0.2581478872399895 0.20118052176915627 0.009748997485622085
13 0.16309153319656794 0.2838744083826032 0.05067906273574165 0.0362879350853709
1 0.6156489316077214 0.33330859949772246 0.03094324884052 0.008138406783222293
0 0.6686195779279336 0.33330859949772246 0.07394912011039537 0.009618117107444632
5 0.6672951977729017 0.3457309552746413 0.13767812043209815 0.01072389723418432
2 0.6580652807456346 0.3209968154007339 0.12119205239395235 0.009594968741458843
