15 0.7316171790359479 0.09127829097859987 0.18808767379406088 0.03732781675314087
10 0.2107433208386626 0.19998457669115727 0.35578040638978226 0.011699499740431125
9 0.17444592549772067 0.22570583603875316 0.2846963605333327 0.0358012436815755
4 0.17395783266348328 0.1746264468971377 0.08911509920227773 0.010926608062492953
5 0.31289875381872717 0.3047697671938583 0.16134523223991337 0.009271061386357644
2 0.29758273016352305 0.3185108046057812 0.12523016572109552 0.009602170721584678
16 0.2988037315404469 0.3433646129329059 0.13414167564132323 0.008939952051130575
11 0.36077581699683087 0.35710565034482883 0.26734529760683307 0.00993328005681171
1 0.2509387769328826 0.37068113308913836 0.03376993232928424 0.009271061386357573
0 0.33098050421921454 0.3705190131190406 0.10177882382575923 0.009595301326552876
10 0.412651343588703 0.38368404389183197 0.3559913699712041 0.011655048599992456
3 0.5477110084220904 0.8111694356578539 0.0339789411670791 0.01343295623804252
14 0.07898544137850184 0.6438244581079546 0.08562693174103914 0.014392453112188263
19 0.5132438542383668 0.6307210496235076 0.12479538392272665 0.01308404828380759
17 0.6399021297285282 0.6315933195090948 0.10131902457092636 0.014828588054981892
13 0.35363172318527814 0.9373028213138439 0.26666921605710536 0.02281786814991109
