21 0.8825455403505806 0.02977364970192808 0.013332394790946677 0.015230290706924571
15 0.8266884698690774 0.11768353425054504 0.19643631105226503 0.03489079542348701
10 0.5123054471269287 0.1386591929034304 0.2430023410600517 0.013480534595438205
9 0.5292590988287926 0.16006945373147924 0.27012818378303416 0.02458215132109311
4 0.8097290101499639 0.21831329291000467 0.1156239046067131 0.014828588054981964
2 0.37339361592496517 0.2839408159429104 0.12143111411803467 0.011319669302750022
5 0.3840082238024157 0.29734568748564066 0.14266032987293584 0.010723897234184286
16 0.4680759181918242 0.3110484450626538 0.3090973813913609 0.01191544137131583
11 0.40990786702339504 0.32326177246825255 0.1927612790545026 0.010128125165618514
29 0.3309351844151628 0.33666664401098273 0.02972090205686161 0.011915441371315793
24 0.37509195318535715 0.33636875797669985 0.043307600139998285 0.01251121343988153
27 0.42476831805182585 0.3369645300452657 0.04245843150980228 0.012511213439881673
25 0.5330373184018218 0.33636875797669985 0.1655878828882291 0.010128125165618443
1 0.17057386632600605 0.3880385346298489 0.032537640976708034 0.010742696953853468
0 0.24681402508515526 0.3889337593760033 0.10590683141438298 0.011637921700007966
3 0.5934676639192624 0.6899668086800085 0.046634974858040794 0.014776251861846817
13 0.2828682879152617 0.9223279563729088 0.36925053406659947 0.013084048283807874
28 0.9196652634582546 0.0302660873877341 0.014035845127207267 0.015218820684625767
