15 0.8256725654281638 0.07976933736575215 0.16702770523206426 0.021806747139679398
4 0.7551497565524034 0.11029878336130325 0.08289523148554295 0.011339508512633288
11 0.6543145122826755 0.16743246086726324 0.24249948315173783 0.012211778398220439
8 0.6827710842851754 0.19316442249208485 0.3018871116786943 0.03052944599555115
16 0.16518305469669134 0.16898042334447855 0.16824239225725868 0.012457052342739274
12 0.21934327686169927 0.19362372254424534 0.2780992967905372 0.029246992456866145
5 0.4430457172565278 0.46023424170161564 0.14110696860743738 0.012975915653362974
1 0.39243126112559923 0.43788683140971285 0.03987805634558022 0.012975915653362974
0 0.45684965983769005 0.4375263893082305 0.08486868401751657 0.013696799856327501
15 0.1918820099507311 0.28232920693721475 0.2212502692698196 0.012998663314162719
13 0.12504599110880643 0.31861714202258573 0.08757823158597028 0.05199465325665081
2 0.433841411434434 0.41521789813708304 0.12498980120658018 0.017879264752834557
