15 0.7353875070171605 0.1358059852306717 0.17804906070201854 0.034829736531495924
4 0.21911897359210714 0.2018943060848073 0.08206113701865245 0.01348053459543813
10 0.30399042352235733 0.22092564904307296 0.35072705136739146 0.010308644102393884
9 0.18989171931149113 0.23163077945709737 0.12252964294565911 0.00951567147913277
16 0.3780154591574329 0.2878269798245656 0.17060351860037049 0.010128125165618443
11 0.376748601346044 0.29765721895590114 0.16806980297759272 0.009532353097052635
1 0.30844608042475596 0.3074971779344291 0.027269459650347726 0.008138406783222365
0 0.3705889836664138 0.30749717793442904 0.08338161700779395 0.009618117107444597
2 0.3427130215645009 0.2780612027325838 0.10058083229814815 0.008124164571351749
10 0.4390709944913528 0.317057192675072 0.28869002247407427 0.009207386514198567
27 0.31773531558708357 0.32743327674883793 0.04738048214594446 0.007208842029646121
19 0.3640816583233037 0.49170817086075497 0.10566776547607304 0.009515671479132806
17 0.4967284277507146 0.49170817086075497 0.04946150724411915 0.012687561972177122
14 0.6923262063979136 0.4913116845491244 0.09217826350040412 0.011894589348916042
3 0.6908467554880516 0.5981048155470573 0.029636027067757455 0.01081326304446911
13 0.40193126475929813 0.8794231067070709 0.30641905190067364 0.021172065246552876
