15 0.6090832426981622 0.08854634194686499 0.08736223704399201 0.031346762878346326
4 0.8316297950790389 0.1268590521315105 0.08406554885365253 0.019736850701181016
5 0.39216358251204647 0.23604499892494232 0.14685247393329695 0.01583169842340723
11 0.4106000913685506 0.283434549539008 0.18431483973260746 0.013720805300286293
16 0.4798255184824325 0.29873852468163464 0.3191793566101248 0.018998038108088384
1 0.34467495320321345 0.33120239077331376 0.03715275947039064 0.01570085794056915
0 0.40322788862509945 0.3307662558305202 0.08173607083485919 0.014828588054981964
29 0.3373467505087781 0.3470094857059276 0.020469839928589906 0.012255031450398308
24 0.370353499315425 0.34701327698272766 0.042986663850038624 0.01081326304446911
27 0.41692203792168514 0.346290497141363 0.04912761582861549 0.012975915653362834
25 0.493554351805755 0.34530070309108657 0.10157862917973298 0.013879864364668704
25 0.42357647205488463 0.36016657022923143 0.1842285593573082 0.01369300857952772
14 0.6086400516562747 0.5373086414689103 0.12396637409953655 0.01343295623804252
13 0.27735773369962197 0.6319572170645541 0.3443124399121793 0.0340185255378999
22 0.2321533220427369 0.6751345764011215 0.10774300246413264 0.09071606810106385
3 0.742719226688837 0.7601579530212293 0.030960632891992076 0.014828588054981964
