15 0.24905155700213513 0.06077331162889539 0.23156603290191957 0.011319669302750026
4 0.849120602038809 0.08874307878819326 0.06991542466514489 0.012457052342739257
5 0.8429741910792359 0.12584343033069934 0.12369652056141021 0.009748997485622031
11 0.6525553367050506 0.17151346317340355 0.29525631159106674 0.009399859834621828
8 0.6300142634545498 0.19859401174457583 0.2514440847098119 0.02059016916155251
10 0.36944095597062654 0.29341151914207997 0.3422782603112314 0.009532353097052635
9 0.5819915299663664 0.29341151914207997 0.07775209863860055 0.010723897234184286
16 0.3512706285713883 0.30532696051339586 0.30762786852663754 0.009532353097052635
24 0.263907772453363 0.3493153777892203 0.05098727273282289 0.010832219428468903
1 0.6876677579122378 0.33162487398194185 0.028861809539693722 0.010579928818189047
1 0.6882449941030316 0.43905184352047655 0.028861809539693722 0.010579928818189047
1 0.6876677579122378 0.42074042825822633 0.028861809539693722 0.010579928818189047
1 0.6876677579122378 0.40405669435262065 0.028861809539693722 0.010579928818189047
1 0.6865132855306502 0.3800483943421147 0.028861809539693722 0.010579928818189047
0 0.7315377084125723 0.4349826401288655 0.058878091460975245 0.010579928818189047
14 0.7854801259207307 0.9551272471144051 0.11146439445048956 0.013696799856327714
