4 0.6558665636702592 0.11468670112462118 0.08028145650580364 0.01369679985632752
5 0.6239598309564144 0.15361444808470995 0.16262141189637147 0.009371494638539897
11 0.2857784632151024 0.15389318543629832 0.3000366518739698 0.007582553599928197
11 0.2625797530186615 0.16310057195049693 0.2567323928406134 0.00866577554277514
8 0.43618343432202805 0.1636421829219204 0.06572967888991613 0.009748997485622031
8 0.3078172379017213 0.17718245720750653 0.34720736260673307 0.01733155108555028
5 0.30317749586243314 0.19288917537878647 0.16161768103520532 0.009748997485622048
2 0.32830943190857753 0.23134355434985118 0.12836619642030667 0.008665775542775159
1 0.5570900663671209 0.24190048661175167 0.03409082472730809 0.008407445023990014
0 0.622630877286523 0.2412278910098324 0.09603049218960016 0.008407445023990014
11 0.4755132423805291 0.28945879092791155 0.452869754648123 0.010308644102393884
8 0.44607670832840113 0.2997674350303054 0.4483410571016418 0.008722698855871833
8 0.24624792908991652 0.31007607913269664 0.22756705171068237 0.008722698855871775
29 0.24794619066984736 0.33743363463520615 0.033965231598609195 0.011101616725654963
24 0.29719577648783074 0.3378301209468367 0.04868349862467323 0.010308644102393884
27 0.3504079726589852 0.33941606619335885 0.044154801078191926 0.013480534595438201
25 0.48796716063335255 0.3378301209468367 0.21511313345785843 0.010308644102393884
15 0.26558530684633014 0.2506971838318116 0.2594389090301981 0.008936581028486863
13 0.29067857837548045 0.2620168531345617 0.30962545208849873 0.010128125165618406
13 0.21195076454613948 0.9165086807518867 0.1945281446102165 0.03388155753933646
