4 0.6342035130780715 0.12473299969874758 0.07649116243024409 0.010308644102393849
5 0.6048214126791074 0.16215567623968802 0.15575564136191122 0.008862724986929095
11 0.31834641781289214 0.16315260282127933 0.3603333425049774 0.006499331657081342
8 0.3060535958937457 0.1812965703639648 0.32960128770711145 0.026538937599748885
5 0.30029133561914595 0.20052375984949714 0.15673347946911598 0.008665775542775122
1 0.5428158838136143 0.24677923919910644 0.032535130753836586 0.008508334364277914
0 0.6099851860150836 0.24659427540857867 0.10075395330220353 0.008138406783222365
11 0.5007526021236633 0.29391850091617916 0.5041462978357009 0.009371494638539844
8 0.3453160153670173 0.3040108797576837 0.40802104023619606 0.009371494638539915
15 0.3209071164929955 0.2561898413474926 0.358842837847281 0.009174889855913193
13 0.28000275155703597 0.2660200804788282 0.277034107975362 0.009174889855913193
2 0.3234053618886506 0.23672047210842462 0.12178345015024299 0.008519540580490812
15 0.8033220986012344 0.0942049722149379 0.1429147380406255 0.04989383745558642
29 0.24860810297833916 0.33182578831815673 0.03160791835960506 0.009830239131335503
24 0.2950903358601113 0.33182578831815673 0.042763654251230354 0.009830239131335503
27 0.3466856143588783 0.3308427644050232 0.04555258822413677 0.010485588406757956
25 0.4796248004007475 0.33051508976731137 0.20917004796797647 0.01114093768218032
13 0.2620089078996031 0.9044825400076724 0.2780482657836916 0.039916728593907894
19 0.7688233087212683 0.47900320576993494 0.07669568425492415 0.01081326304446911
19 0.23399873718359807 0.49089779511885095 0.18100181484162078 0.010092378841504442
17 0.4855605815397488 0.4883747004084748 0.31189578263669104 0.009371494638539772
5 0.651223259530385 0.49990884765590865 0.12373570393127757 0.01081326304446911
18 0.2728578838727596 0.5006297318588732 0.10941917620369161 0.0064879578266814515
