15 0.18130228372725532 0.080109226643695 0.12307756314433924 0.022996206074570962
5 0.1829960116604343 0.13482433764870871 0.09033215643621227 0.010308644102393903
1 0.6318339139528641 0.1776448593048064 0.03500371061903209 0.010308644102393884
0 0.6849040558591389 0.1776448593048064 0.062103357549896 0.010308644102393884
21 0.9073231235684411 0.9595771103512218 0.0055290089049358955 0.007705395491835435
10 0.6970640485151981 0.13397910743747413 0.2604430130157509 0.008340808959921073
9 0.6974882228034973 0.15483112983727682 0.26129136159234945 0.02978860342828961
1 0.189844305545026 0.23126434547572758 0.03500371061903209 0.010308644102393884
22 0.7045573908558133 0.8128340242911832 0.07791148492623269 0.0967426600378503
28 0.9182481389952099 0.9596026309489015 0.005676510013965128 0.007972916337796504
