21 0.8699925190907944 0.014394962561040798 0.009455110368975509 0.012180335235795233
28 0.9070249559118682 0.014394961149346873 0.012606787002918481 0.013287653839346774
15 0.6899518623221497 0.06671509673008083 0.10636976533712521 0.023807071872653816
15 0.28023128472729697 0.06588461130665198 0.37741568589987345 0.011073039219346645
13 0.21286364597973964 0.07889543337756995 0.2426804888718998 0.010519392622816199
14 0.4165421390211762 0.09218309851046826 0.0811561913312881 0.010519392622816212
4 0.2077422292853379 0.16028232443712048 0.09061128158347696 0.009412088136203955
5 0.4965164440709407 0.19986845983350776 0.16546407941330585 0.009965740379510066
2 0.4976983303524643 0.21330710203906192 0.16782785197635305 0.008858435892897844
11 0.5568654196445426 0.40286171391194203 0.24701423283843524 0.009135262014550918
8 0.5676993440324798 0.4299629881160496 0.26694862627294513 0.037759095416383705
16 0.5620657192832467 0.4701581440858004 0.25568139890294167 0.0109623144174612
12 0.6448814026908198 0.503765956012515 0.41689068770276244 0.05115746728148508
1 0.45069263535433807 0.590439093944054 0.034668664258026 0.011571331885097891
0 0.5468981786703603 0.590439093944054 0.10227255956117681 0.011571331885097891
1 0.4857946579155893 0.6318522817433515 0.10487270938052866 0.00913526201455106
24 0.46542681766399907 0.6452506660313594 0.06240359566444674 0.011571331885097891
29 0.45069263535433807 0.6586490503193674 0.034668664258026 0.010353296949824368
21 0.866716667303925 0.15986708525464072 0.010400477570856626 0.011571331885097786
