16 0.6931850899521497 0.12471586717589377 0.10247083938423089 0.014776251861846746
5 0.7097612551466576 0.15532381746114776 0.13863701799042985 0.014776251861846728
16 0.23583362299459004 0.21706744131243597 0.3149471386956506 0.013720805300286222
12 0.18610512741106625 0.23395458629740368 0.21549014752860304 0.015831698423407196
11 0.6314012014998929 0.21706744131243597 0.17178934837944587 0.013720805300286222
8 0.6924316278978537 0.241342712228327 0.29083635295818444 0.02849705716213297
1 0.7849661187492049 0.3988005106250959 0.044154801078191926 0.01348053459543813
0 0.8500661459798726 0.39959348324835703 0.07245916074369987 0.011894589348915971
10 0.2109167899131355 0.13774789505256244 0.2551858121608506 0.013106985508447409
9 0.27811572044882615 0.16396186606945726 0.39638862822318793 0.03455477997681589
1 0.2164447505078171 0.34314969192463424 0.044154801078191926 0.01348053459543813
1 0.7849661187492046 0.37865107626803235 0.044154801078191926 0.01348053459543813
29 0.3769565405724626 0.34591196088157616 0.020105548836915618 0.012998663314162755
24 0.40866144450759845 0.34618276636728795 0.04175767835359373 0.013540274285586235
25 0.5204018986204558 0.3469951828244232 0.1739903264733072 0.014081885257009503
15 0.8613878898460758 0.06838144624173215 0.17684563919009208 0.022679017025266555
13 0.12290358174715042 0.9137149460129796 0.160844390695324 0.03141343634255989
21 0.9081024486730978 0.8899576760304546 0.010648341126446114 0.008724910148096357
19 0.8291576899110851 0.8128765668942576 0.19098752652842188 0.011793665560501026
17 0.7135472462955158 0.8113591056470171 0.03362557928262305 0.013084048283807732
5 0.2698356609034124 0.8178617405687757 0.12909475095540152 0.013875983565393995
28 0.9389535193716128 0.8911462180085763 0.01392442136749196 0.011097827431666757
