15 0.5914851007388161 0.11939589889491398 0.08323266119308244 0.02220323345130991
4 0.8170006219443979 0.16419885210916432 0.0753593013504937 0.011894589348916042
5 0.3703857513149236 0.2888338195512805 0.13701691154635218 0.011534147247433709
11 0.3847009510287216 0.32091316658320557 0.16973736803503317 0.012255031450398341
16 0.4486080926081769 0.3374935032513916 0.29346159413285877 0.013696799856327572
1 0.3192600380513594 0.3692124081818344 0.03681051354976624 0.01081326304446911
0 0.37396455124337313 0.36921240818183426 0.07055348430371865 0.012255031450398378
10 0.23007123126307152 0.16056844843804186 0.3272045648868111 0.012255031450398324
9 0.34663785750399795 0.1800323219180862 0.5562477603075788 0.023789178697831977
1 0.3233500951124445 0.3526320715136482 0.03681051354976624 0.010813263044469107
22 0.2237305180526979 0.7149803087171985 0.13733389096858634 0.08722698855871755
29 0.31083038051863093 0.3840469390528834 0.01676138403559243 0.011816966649238836
24 0.3440039530890743 0.3840469390528834 0.042601851090464035 0.010832219428468974
27 0.3897485636862118 0.38503168627365325 0.044697024094913045 0.011816966649238836
25 0.46622237834860214 0.3852778730788458 0.09986991321207135 0.01329408748039377
25 0.3893993681854704 0.3980795869488546 0.1752961413722372 0.012309340259623767
2 0.36951661418944304 0.2715742914108613 0.13701691154635212 0.015859452465221368
14 0.5712842415840994 0.5810887003547998 0.11630077253195586 0.013956318169394848
19 0.7970809542126309 0.5575374134439461 0.08289523148554309 0.01570085794056915
19 0.08875975980258001 0.5658239773570243 0.05443865948304319 0.013084048283807732
17 0.15804532641736227 0.5666962472426114 0.07423453565869527 0.01308404828380759
13 0.23671981480689705 0.6647455197235064 0.35507972221034556 0.030905586215613852
