21 0.8686251281558427 0.15963752037805404 0.01915883547727276 0.023027924979501437
15 0.6893531676185033 0.07136380795663191 0.11221603636688428 0.026865912476084983
10 0.1703010111273201 0.06560156965649755 0.1583374832832473 0.013696799856327529
9 0.3671946997555139 0.06488068545353294 0.20460492969718314 0.01081326304446911
9 0.21811070575505384 0.07929836951282508 0.2498442106352538 0.012255031450398324
14 0.41808889081084344 0.09299516936915264 0.08430956902094977 0.012255031450398324
4 0.20974273800879398 0.16197410843762478 0.09346958871502203 0.013106985508447426
2 0.5000312396810376 0.214218552674296 0.1618332459011892 0.012726882928702433
5 0.5009005068560876 0.2020421631369485 0.17104934734849025 0.0111409376821803
11 0.5367384533739217 0.37657388998078317 0.20018381815096262 0.011894589348916114
8 0.598942464663769 0.4039314454832901 0.32459184073065706 0.03964863116305338
16 0.6164726860272713 0.44397656295797405 0.36191424750456536 0.011894589348916042
12 0.5570961297960536 0.478867358381461 0.2386372069483228 0.05312916575849158
1 0.4537646905751537 0.565754326350847 0.0373224067739082 0.011894589348915971
0 0.5442432524512949 0.5661508126624776 0.0961334719934002 0.01268756197217705
1 0.4537646905751537 0.6069889027604225 0.0373224067739082 0.011894589348915971
24 0.4695984389034784 0.6200729510442301 0.06672793938365423 0.011101616725654963
29 0.44980625349307246 0.6335534856396683 0.024881604515938918 0.011101616725655034
21 0.8733928249370186 0.016325400718672667 0.017759221855854435 0.014417684059292148
28 0.913584748084478 0.014687027530116737 0.019628613630154633 0.012451636233025037
