15 0.8173600661729776 0.08085583574668809 0.16279261501065448 0.02378917869783204
4 0.5519858033473901 0.10424852813288961 0.08920143288255034 0.016652425088482463
11 0.5629826798064606 0.15809367986661566 0.17969296913323687 0.01048558840675792
8 0.6081362976912227 0.17775415812928674 0.27368621452600705 0.02752466956773958
16 0.2715871426258573 0.2533182763912414 0.2731793882028108 0.01585945246522133
2 0.5338181699602461 0.35702163425662503 0.125105009617777 0.017445397711743454
5 0.5190999335346254 0.3840620007098275 0.10548069438361594 0.015700857940569222
1 0.4873387233537474 0.41316333502009345 0.03002972239180289 0.013084048283807583
0 0.5340912545327055 0.41242500281968475 0.05787948995179498 0.012998663314162755
24 0.5001092090147157 0.43893489037642097 0.06161811729317876 0.014771208311548562
