4 0.6280842060589852 0.12807223357864492 0.07179533887563387 0.011319669302750057
5 0.6002107215543275 0.16530798786400683 0.15288183925282062 0.00834080895992109
1 0.5385511952258417 0.250503393668915 0.03125208868704071 0.008340808959921127
0 0.6014776981227209 0.24960973556606625 0.0912223129243349 0.008936581028486863
11 0.2798699328965336 0.1664241529159581 0.28683867213317343 0.007161797969235657
11 0.25861087201940686 0.17627162512365716 0.24685894570753206 0.008057022715390083
8 0.42551036487565597 0.17604781893711852 0.06790207504037511 0.008504635088467332
8 0.2519475842818 0.1901476086890512 0.22845557957509388 0.01790449492308916
5 0.29763870019681865 0.20491881700059975 0.1573805103739535 0.00805702271539012
2 0.3206111779207587 0.2413320835504323 0.12146221647409153 0.008370351376544178
12 0.25988006968371286 0.26127321477102283 0.24711278524039312 0.007877977766159212
13 0.2811708605024474 0.27013593975795197 0.28550601458565206 0.007877977766159212
11 0.46463154958278624 0.29755630326568255 0.42925166137173176 0.009174889855913193
8 0.42978969395196387 0.30673119312159575 0.426464312921266 0.00786419130506843
29 0.2458246962212217 0.3447414510960932 0.03437729755574473 0.009174889855913193
24 0.290886829503752 0.3447414510960932 0.044597575207452674 0.010485588406757885
27 0.34245277583736905 0.3447414510960932 0.049243155958228965 0.011796286957602717
25 0.47717461760988233 0.3437584271829597 0.20905113378493426 0.011140937682180265
13 0.21535540056045244 0.9013174276629734 0.18861057848151855 0.030146066669429105
