2 0.2080126393201632 0.31821162684019 0.11694719814313323 0.013398384288008068
16 0.7546667182708895 0.29080584079653726 0.1899738390104548 0.011571331885097784
12 0.7093518242159229 0.31729809442728146 0.32243266254068026 0.038977117928750575
11 0.8034673652775467 0.20950201041989747 0.3276612891870856 0.012180340035554594
8 0.6522725619235112 0.22868605909759107 0.20478831269475634 0.024969716173105852
5 0.6230793343691523 0.13276580794480652 0.14814473684301524 0.012180349352734545
4 0.6483510835953138 0.1470777184342696 0.09411547987673899 0.010353296949824368
10 0.33899000435743387 0.3328280382991548 0.3346327950904678 0.009135252697370876
9 0.33724713622498187 0.3526211137616651 0.3328899380825402 0.02557873364074254
24 0.15816629257063097 0.37485025133040556 0.04967205882383453 0.01278936682037127
1 0.2350049695465187 0.5733622631678132 0.029312060230970948 0.010385492393062457
0 0.291591878785487 0.5737982242167179 0.07919669725548274 0.01134455795313393
21 0.4941406859957874 0.9527450419880086 0.007842956656394963 0.009744276376460644
28 0.5121370166796503 0.9533540501384646 0.008175426541916464 0.01145910471044995
11 0.30117424411800287 0.2320343377910615 0.38991456713258793 0.025906415601939056
8 0.2908772044930219 0.25842050183007337 0.38030399681593907 0.026865912476085215
14 0.18790680824321948 0.20852666437448775 0.11395390518311549 0.01727094373462606
