15 0.22804061996901046 0.07612718768967261 0.172768021425136 0.012733981832325705
4 0.7879663961257708 0.13232288615016163 0.07538972582194801 0.008858435892897863
2 0.7651924164503907 0.16388106401861025 0.10680211158109301 0.011073044866122324
5 0.5539441222201403 0.16360423789695716 0.19004493384282753 0.011626697109428435
15 0.2508145896193744 0.16969442104348795 0.26543465966477553 0.029343568895224124
23 0.26926937627788833 0.20706594181987512 0.302344212931771 0.042077570491264815
14 0.47120103790229434 0.892289463682395 0.0842422616949057 0.010066406990463178
13 0.4433582459907865 0.8799581233967363 0.5982631651400804 0.010569732345083798
16 0.2254863446276124 0.36257251872008356 0.22394084923706414 0.012211778398220402
11 0.6319204273589691 0.36213638377728996 0.26229535932739007 0.014828588054981964
1 0.7253322180628274 0.2347849804815624 0.03588002556836955 0.014828588054982
0 0.7915246790251641 0.235221115424356 0.09403041183434724 0.01570085794056915
