15 0.83304443369805 0.06906726162405598 0.169692542798703 0.02206842810535554
4 0.15906397137255612 0.0796217272396608 0.09442568913798798 0.020149434357063747
11 0.2423418698080639 0.13991795651149025 0.2579760648534608 0.012451636233025046
8 0.21803977674215821 0.16023378404958374 0.20937187872164933 0.025558621741472453
10 0.7535254615075114 0.1409527399103967 0.24302093065905722 0.01048558840675792
9 0.654447697469588 0.1674943855650027 0.04673479435751105 0.039976305800764625
2 0.48040423878578936 0.22820007557682373 0.10631231020446606 0.012687561972177085
5 0.48492816687959645 0.24762790484671993 0.11762213043898377 0.015066479841960287
1 0.44477533101469047 0.2856759943475713 0.03059004721582532 0.01191544137131583
0 0.4949090195072932 0.28656965245042 0.0645789885667424 0.012511213439881602
23 0.7885685656258095 0.5552428946761144 0.08621475964772825 0.05852930932289945
