4 0.6350201658417696 0.140711022193071 0.09500419885713918 0.010313896914675364
5 0.6482928112703403 0.1689514542213488 0.12294661028570943 0.009822758966357483
11 0.5422386588028121 0.22900423062930705 0.08890767272726904 0.008929780878506826
8 0.5685934332183955 0.25110543830361143 0.14034711194804636 0.02277094124019236
10 0.1755926536363567 0.16337034117228202 0.23814555194804257 0.021431474108416247
9 0.21718874337661478 0.18591803789051173 0.32514806025972737 0.02098498506449097
16 0.15400079025973418 0.23079018680500846 0.19369171558440793 0.009822758966357448
12 0.15019046142856546 0.24664054786435805 0.18480094831168098 0.01026924801028302
1 0.7239624779220492 0.41206473863869664 0.030482630649349376 0.010715737054208108
0 0.7884205406493195 0.4111717605508457 0.06922097376623104 0.010715737054208103
21 0.8479043741558502 0.8669462649102486 0.00698560285714251 0.012501693229909279
28 0.8777519500000048 0.8662765313443606 0.009525822077921901 0.011162226098133346
15 0.8594337079376265 0.06995173751684211 0.17195488155202937 0.025906415601939115
29 0.3362633914434043 0.35136535178289885 0.018208262931614313 0.009847472207699041
24 0.3663770570610741 0.3521039121984763 0.039217797083477064 0.011324593038853976
27 0.40839612536479963 0.3518577253932838 0.04341970391384962 0.012801713870008698
25 0.48122917709125707 0.35259628580886115 0.09524322148844448 0.012309340259623767
25 0.45706821281661497 0.3678598677307947 0.2710229905590292 0.020187318025782944
3 0.8469128086930243 0.562740866711364 0.025421536323754167 0.009207386514198604
13 0.12372385751031997 0.9168334429585095 0.1610030633837747 0.03195504731398316
