15 0.6222498959265468 0.07229246489883356 0.08736223704399201 0.031346762878346326
4 0.8579631015358083 0.11408814873662866 0.08406554885365253 0.019736850701181013
5 0.3971010774726908 0.22791806040092663 0.14685247393329695 0.01583169842340723
11 0.4188292496362909 0.27646860223270875 0.18431483973260746 0.013720805300286293
16 0.48476301344307676 0.2917725773753356 0.3191793566101248 0.018998038108088384
1 0.34697833104210235 0.3290359468876199 0.03715275947039064 0.01570085794056915
0 0.4101380221417662 0.32859981194482635 0.08173607083485919 0.014828588054981964
29 0.33965012834766695 0.3459262637630808 0.020469839928589906 0.012255031450398307
24 0.37649584021912874 0.3437636111541869 0.042986663850038624 0.01081326304446911
27 0.4245999640513148 0.34412405325566925 0.04912761582861549 0.012975915653362834
25 0.508526307758533 0.3423218427482577 0.11463110360010291 0.012255031450398378
25 0.4235764720548852 0.35854173731496125 0.18422855935730842 0.015859452465221306
14 0.6271881168728194 0.540797721011259 0.12396637409953655 0.01343295623804252
13 0.277357733699622 0.6380631062636651 0.3640970428098271 0.03401852553789991
22 0.23091678436163388 0.6856018150281676 0.10774300246413264 0.09071606810106385
3 0.7646780954195781 0.773264938529677 0.030960632891992076 0.014828588054981964
