4 0.6125873467581541 0.16410000780152853 0.09643634257555497 0.011534147247433726
5 0.62387245067657 0.19149360751418365 0.1231102245645382 0.011534147247433743
11 0.5725765237746792 0.24808301744690528 0.18466533684680742 0.01081326304446911
8 0.5771931571958494 0.2700699856373258 0.19595044076522336 0.024510062900796575
1 0.6987645039533308 0.41568859463617647 0.03488123029328577 0.010092378841504513
0 0.7608325755046189 0.4142468262302472 0.07284021620068515 0.012975915653362974
16 0.1725013510308649 0.2523407079165543 0.22422917298825357 0.007877977766159177
12 0.16969848636851168 0.26637335581252536 0.2214263083259004 0.00935509859731411
21 0.8187136004317679 0.85969647165698 0.013401723009479975 0.010521113946993517
10 0.17490604170162175 0.1796653463896594 0.22877983398243365 0.010092378841504513
9 0.23492227617683414 0.20309408298600914 0.3529159770850097 0.0309980207274781
1 0.18484087150866574 0.3677137509288819 0.03488123029328577 0.010092378841504513
1 0.6987645039533308 0.3964986571532587 0.03488123029328577 0.010092378841504513
24 0.08124597715024424 0.3679603679533849 0.04626892606550563 0.012687561972177122
15 0.8319089145740779 0.09198538172493159 0.17348646679300514 0.024380815572047146
13 0.13387790350076195 0.9092995858683759 0.1560074471065774 0.030980147565421275
19 0.6457162055966178 0.8030493895606483 0.17132839585231585 0.011534147247433851
17 0.5441502703308737 0.803770273763613 0.03180347467917237 0.012975915653363045
5 0.12156991047152836 0.8154635274162332 0.12187912231889292 0.011101616725654821
28 0.8467303783974321 0.8601875977487353 0.01579375279312458 0.011837682593777998
