15 0.8232142163512125 0.08013556174034225 0.16232392998474623 0.022068428105355534
4 0.7570569843826397 0.11131921015008375 0.09002839814280036 0.013432956238042486
11 0.6731824871479319 0.16848431215247595 0.28136611217487734 0.014417684059292135
8 0.690884328642378 0.20157945056130566 0.3186331469000266 0.04784049710583304
16 0.22243888275085985 0.1681630027744171 0.2818127006075341 0.012457052342739274
12 0.2212839126664028 0.18576535934567912 0.2810427205512294 0.012998663314162684
12 0.2286125828563109 0.28127737365191874 0.29819227635074397 0.01378646109077863
13 0.10786571039034061 0.3162358999892503 0.053898603941331676 0.04923736103849514
1 0.39246100843603293 0.43651305678380536 0.03387912247740857 0.012998663314162684
0 0.45598436308117385 0.4375962787266523 0.08238786602460699 0.014081885257009503
2 0.4339218743152742 0.41487828022601236 0.13798352488686538 0.01787926475283463
