11 0.32802902853879684 0.15291707110822247 0.37192970843489515 0.009376269922432172
8 0.3251748089246276 0.17204077846969387 0.3696146635129506 0.02857529881122172
5 0.30651791838248194 0.1918355794270493 0.16148742896147586 0.008929780878506826
5 0.6252866802731405 0.15197083972531314 0.16148742896147586 0.008929780878506826
4 0.655515588451249 0.11422180731135838 0.07565749624573073 0.009376269922432137
1 0.5587181873230196 0.24050379179835002 0.03467876069323033 0.008117982616824407
0 0.6243782404647487 0.24030084223292927 0.09536659190638332 0.01014747827103047
10 0.3278379826007444 0.2503328625101148 0.37786814847108485 0.009376269922432175
9 0.3236084548565554 0.26089345824083204 0.3681041707670755 0.007874443138320225
11 0.4543511868738581 0.2899024609156383 0.3991042715696144 0.009822758966357554
8 0.7451659557027925 0.28851040471773914 0.15596255745146956 0.008349345121403898
8 0.2108587301152956 0.29980657752905027 0.1475702973637077 0.008349345121403666
29 0.24576522095025427 0.32804700955732796 0.028557427058985372 0.00785820717308596
27 0.3411682355687099 0.32804700955732796 0.04592341448215427 0.008840483069721744
25 0.4858157247230062 0.32763846491813164 0.2247340114233656 0.011296172811311114
15 0.8274222846781043 0.08042094493255857 0.1537467981519754 0.049922622361810776
24 0.2915164392458125 0.32770135017137514 0.04487132967132762 0.009847472207699041
13 0.26091704305319985 0.9253106391224593 0.2905000030846374 0.04397393638084078
