5 0.44640808478355554 0.45710264753383995 0.13325614471150907 0.012909189018927378
1 0.3931056268989519 0.43421817609119584 0.0399768434134527 0.014082751657011698
2 0.4347481721212978 0.4119204859675934 0.12326193385814584 0.014082751657012027
15 0.8263620172916626 0.07744508898197773 0.16750958331863144 0.02110893123120964
4 0.7603114905359419 0.10862873739171924 0.09260692411111321 0.014392453112188406
16 0.20671274566583128 0.16427955609218103 0.2519453082434699 0.016311446860480208
12 0.2012652795416482 0.18346949357509884 0.24922157518137833 0.016311446860480174
11 0.6779185654076721 0.1652390529663269 0.29552503723693474 0.01631144686048019
8 0.6445528353970505 0.19210496544241187 0.22062237802941695 0.035501384343398036
15 0.20262714607269394 0.2779799356784693 0.2492215751813783 0.01727094373462606
13 0.12840542013069875 0.315880062207232 0.10350185635947952 0.05469132182631583
0 0.4633317550714308 0.43450393671366716 0.0953306571732049 0.012211778398220473
