15 0.7718858976016185 0.12687078828879117 0.1592749354024201 0.023987421853647318
4 0.2417327371127241 0.190515131473826 0.12473619334575553 0.013696799856327501
16 0.21739396767940597 0.22836155212946785 0.1734137322123918 0.01297591565336294
12 0.25288800643632825 0.2478254256095123 0.24845827129845602 0.027393599712655144
10 0.29395967985505267 0.3166698669926323 0.33262984892201475 0.010813263044469182
9 0.17530817886762665 0.34298214040084046 0.08924215458883317 0.038927746960088785
11 0.7083175241215491 0.23604848372843923 0.23718566630953972 0.026809743085460625
8 0.704546020593659 0.2726884659452354 0.2296426592537594 0.03098014756542117
2 0.6535794209814411 0.37953509445760714 0.12148088293404925 0.012211778398220545
5 0.6608861223884017 0.40506881292661356 0.13944086654505178 0.011101616725654963
1 0.6101296469660028 0.3923812509544365 0.03346580797081245 0.011101616725654892
0 0.6809656071708892 0.3923812509544365 0.09928189698007685 0.011101616725654892
