21 0.9047427833101556 0.11216964349444508 0.009069481848560296 0.009027889983156609
28 0.9384824845227585 0.11209291099540795 0.006470304339630325 0.008569068461916693
5 0.6902744208275038 0.1439748863022449 0.12329524380517341 0.01083735129007108
11 0.6088564245538256 0.1947592185103689 0.14594130899387844 0.010081257014019452
12 0.6676283556387986 0.2342021365777205 0.26420409386822896 0.010837351290070973
4 0.20498892896292323 0.1398507005352925 0.09631058793379972 0.01033197787595848
11 0.24893392400375533 0.1916950895200118 0.2936683500932251 0.009962978666102594
8 0.3060361031885492 0.2160490373704849 0.4152407315834313 0.0328409296771531
29 0.2327920397914724 0.2802548998853673 0.022810595840914067 0.010700977085813947
27 0.2688467777232665 0.28099289830507895 0.04298343163357298 0.00996297866610262
14 0.8762098348515227 0.8684626994557354 0.10201513175483441 0.009980444443879435
21 0.8965733204537475 0.8573733167403138 0.007512742261015007 0.00887150617233715
28 0.9244495483169871 0.8580664031600277 0.005535704823905689 0.008594271604451649
15 0.25545946466715014 0.07854739512277038 0.2063711753781684 0.018262391854681027
1 0.78427648884681 0.3060044565410574 0.0395843708208119 0.013480534595438201
0 0.877017014769855 0.30679742916431846 0.07577579557126839 0.015066479841960287
25 0.38483346818806957 0.2814165344648045 0.1853942255504569 0.012801713870008662
13 0.2881538618990881 0.8847528428899953 0.4080583140613975 0.036635335194661646
