15 0.83064767620372 0.08433808642217838 0.1630525655806632 0.020062207368505013
11 0.650301656697835 0.17200120992368945 0.2322263812815509 0.015700857940569187
8 0.6657422405596403 0.19860544143409833 0.26310754900516126 0.03227398576672545
16 0.208677245200113 0.17252971757337185 0.2472012060110064 0.013702757577013216
12 0.19475635817218945 0.18801979135608243 0.2294837134300128 0.01489430171414476
15 0.19011606249621493 0.28513063853230636 0.21851574183225483 0.012511213439881602
13 0.10827812057448244 0.3199833045434052 0.05990199872621662 0.05004485375952644
1 0.39346762600628027 0.4412406572882215 0.03481149816116087 0.01506647984196043
0 0.46309062232860204 0.4420336299114825 0.09769678516196777 0.016652425088482515
5 0.44231601858726405 0.46463334967442294 0.14149189575181517 0.015859452465221295
2 0.43486798626052825 0.4191921860909 0.1265967294595866 0.017414868265747927
