16 0.8292902806842026 0.08230913124252953 0.1619590421589402 0.020053484669649145
4 0.12371871276030148 0.09550221326203555 0.10047459096897211 0.012665358738725771
10 0.19460346843714205 0.15969697417537243 0.2285541425880058 0.009532353097052653
9 0.2123799017495425 0.18799614743224752 0.2674929965104067 0.03872518445677645
5 0.470561433191549 0.2725957811685899 0.11850955541600286 0.011319669302750022
1 0.42654359832274785 0.31251250976249784 0.028780892029600835 0.011319669302750022
0 0.48410538238194933 0.31251250976249784 0.07618471419600191 0.011319669302750022
15 0.7667542249474711 0.15849651422156508 0.29191442989434735 0.012975915653362922
13 0.6622795868800204 0.18805276654311398 0.08091663144439806 0.04181128377194721
2 0.46138875550999353 0.2513497929406984 0.10428840876608263 0.011796286957602646
