15 0.830559466484128 0.08319084557953677 0.16821457549045618 0.02110893123120965
4 0.12445748789496712 0.09143929557030055 0.08308364970449744 0.01370275757701318
11 0.15921697399582832 0.15578267897540599 0.1559937912819136 0.01251121343988162
8 0.15836918165190486 0.17663470137520867 0.1542982065940667 0.025618198948329046
15 0.7425388346910027 0.15878822448132626 0.2358327300530282 0.012207610174833511
13 0.6562072102965907 0.18616286547943772 0.06422230595194073 0.0403221063350561
5 0.46904848525863707 0.2701665229623196 0.11961163063478296 0.01268756197217705
1 0.4244762266730339 0.3094186678137425 0.03046711346357675 0.013480534595438094
0 0.4735621316976855 0.30981515412537297 0.0631910501466779 0.012687561972177085
2 0.4658942974744602 0.2489194329078675 0.10903909089827792 0.01625387704803142
