15 0.6262464128813767 0.13815907318741188 0.10282944054372642 0.008952247461544563
10 0.2694032417438049 0.18678447956414465 0.24314739299249497 0.0070409426285048225
9 0.24621319226967522 0.1989048053262281 0.198765287307985 0.01342837119231673
4 0.4883515284115311 0.17964505746497067 0.054598022358043036 0.006725956019192019
5 0.49903375017723506 0.19730069201534967 0.07786152753668744 0.007062253820151649
16 0.21087171740238247 0.22545166124429308 0.12477305864073086 0.008060029940354064
16 0.19105712790126006 0.2346234194522821 0.08671335207421867 0.008060029940354064
12 0.2681574613066174 0.2350403175526453 0.06042468877569984 0.008337962007262832
12 0.21852289552657816 0.24296138145954493 0.1424296235427211 0.007504165806536489
11 0.4847754047868651 0.22561686877008666 0.15382399342613873 0.008071147223030407
8 0.4743305657270656 0.23923692970895047 0.13293431530653976 0.01647859224702042
1 0.5420273098838577 0.32918159431399785 0.02001077355558891 0.006670369605810222
0 0.5801635282316119 0.32884807583370745 0.04510271412186164 0.007398551621111196
29 0.3156356803664573 0.29881573543270706 0.01530235624839154 0.008060029940354064
27 0.3364311901399124 0.2989547014661615 0.02471919086278632 0.008893826141080332
25 0.4023490324406759 0.2992326335330702 0.10319281264940955 0.008337962007262795
