15 0.8238317835684424 0.08306997916935024 0.16362479190107862 0.01741789957441039
11 0.656877434928458 0.17149931888650236 0.24829110864059026 0.013398384288007997
8 0.6231060389256191 0.19662128942651738 0.1807483166349126 0.02880652621921719
16 0.1621978315065924 0.17216923810090265 0.16647864263047066 0.013398384288007952
12 0.23164323737158515 0.18925217806811298 0.309174752138666 0.012728465073607644
15 0.22926497004744156 0.28572054494177057 0.3063208313496937 0.014068303502408383
13 0.12414553242667623 0.3185465813229411 0.0941793422488483 0.044884577115929025
2 0.4318933723368174 0.4180295932021489 0.12176728699615152 0.013398384288008032
1 0.3895601876947192 0.4404718834682629 0.037100970256639984 0.01272846507360761
0 0.4532977519817672 0.4404718834682629 0.07705586130225207 0.01272846507360761
5 0.43997945496656315 0.4629141771506763 0.1379395048003279 0.01339838428800789
4 0.7510568209645438 0.11321634723366758 0.08086108902088185 0.010718707430406411
