15 0.8055542217961886 0.10057118037330838 0.15108068852543524 0.01724423613108706
15 0.7142748170914685 0.17138053531430217 0.2020387538599556 0.01056972464493498
13 0.6496652509277725 0.19755318681604578 0.07424745724888822 0.03674237614667859
11 0.21454867485050258 0.16886319193573956 0.20904942722711028 0.010709520589364599
8 0.1939322165805217 0.1817490828668285 0.17017659985016828 0.009744279482187644
4 0.15203598015681538 0.1089715016956928 0.0794732918605657 0.010353284526917932
2 0.46200481184485853 0.25619518063272806 0.09562212146766591 0.010881770348489894
5 0.4690592888846325 0.2776819170251429 0.11065726801516995 0.012583005529684428
1 0.4299779299531036 0.3134176501627307 0.027842823809286505 0.008556443760185214
0 0.48186564909097285 0.31438718612566896 0.0677019872142597 0.009659778873191947
