5 0.4919166010413628 0.2549138557917523 0.11910996611979771 0.012909189018927373
1 0.4478083262629468 0.29002779522398864 0.03346993445263578 0.01080600527989985
2 0.4826204309044537 0.2336654830527083 0.09630473959190276 0.014082751657012012
15 0.819613423140872 0.0814099520982831 0.16750958331863144 0.021108931231209646
4 0.17032075947441075 0.0942110533324271 0.09260692411111321 0.014392453112188406
11 0.26456829582462205 0.15022231413437026 0.2531348108506678 0.012707025845657149
8 0.23245196463242246 0.17085402002321817 0.1970733476525429 0.025682941499020163
15 0.7427465433888277 0.15017257312436622 0.2344207318702355 0.01631144686048017
13 0.6444485255491526 0.17783145822371188 0.06069703009824682 0.03550138434339789
0 0.49902929917395916 0.29032318966911663 0.06416866793051129 0.010664320027327742
