15 0.2918880464518317 0.09732329124185535 0.20878387614366642 0.020149434357063747
23 0.8285854221858446 0.9217454041287302 0.19213575007208006 0.1350971598797415
16 0.2584372662301229 0.2508069706545512 0.10845562194701736 0.020256250331236954
16 0.2902113742224131 0.271361107020071 0.3838312245468659 0.02442665481119743
5 0.6633740225926426 0.2655359932814344 0.27537560259984856 0.02323511067406592
1 0.5112819590028796 0.2950267106754409 0.06439552553104129 0.021447794468368447
0 0.6493934150760348 0.2977076849839871 0.1864081002214359 0.023235110674065886
29 0.682176194244814 0.33782230783358613 0.04838129037197263 0.024423556796440947
24 0.7460643084539575 0.3430559271471092 0.06202729534868283 0.027912636338789553
3 0.6905441924345443 0.8545175599056131 0.028194225158492257 0.013480534595438201
3 0.5856616748449534 0.8672051218777903 0.04623852925992708 0.010308644102393743
22 0.58428979168605 0.914857207788141 0.20864741609389895 0.08433018026868239
