15 0.6881921463534169 0.06891667576461881 0.11070917136989741 0.025330717477451546
21 0.8609882178834599 0.1586296334972598 0.022441048250654773 0.016887144984967718
15 0.27602489348305537 0.06258399639525594 0.37850568049437944 0.014776251861846737
13 0.21094585355615614 0.078223795443834 0.251339740407335 0.012665358738725789
14 0.4151593926371157 0.09213650011894943 0.08826812311924251 0.014776251861846746
4 0.20421353908095963 0.15968508005882026 0.10023668218625856 0.012665358738725754
5 0.4920162714169935 0.19873660283655809 0.16728781423215466 0.01343295623804245
2 0.4926963031821648 0.21216955907460058 0.16592775070181204 0.01343295623804252
11 0.5289253348919448 0.3759155789594746 0.19895144204186913 0.011894589348916042
8 0.5896223850064133 0.40366962077361196 0.31809750337767784 0.03885565853979237
16 0.5485956752068188 0.44411122455992647 0.23829212267161737 0.013480534595438201
12 0.6575019193844273 0.47900201998341274 0.44936049434744896 0.05312916575849148
1 0.4486355018044149 0.566147626737162 0.03596862229005545 0.011101616725654892
0 0.5413671061459642 0.566147626737162 0.09778969185108835 0.012687561972177122
1 0.48235608520134193 0.606192744211846 0.1079058668701662 0.0118945893489159
24 0.46437177405631425 0.6192767924956536 0.067441166793854 0.011101616725654892
29 0.44919751152769705 0.6339467860259833 0.03709264173661964 0.011894589348915971
21 0.8680248907745451 0.01394552542172447 0.01435637159398354 0.014298529645578985
28 0.9056048046529134 0.013051867318875783 0.016889848934097954 0.014894301714144773
