11 0.21619235831076686 0.20399040932566975 0.3047645408322338 0.010048771134509754
8 0.20095411911125402 0.22944733093213698 0.2742880867490103 0.0341658799344204
15 0.2414306961642386 0.08005534270454844 0.19523973533904487 0.020767495646412386
13 0.29366925357547957 0.13009831895241558 0.437813270568232 0.014738222716808726
4 0.676196312813617 0.13029928378457842 0.0780959135882599 0.014068303502408383
11 0.13845420917918239 0.29199971251111934 0.14594229135374406 0.010555644512322578
8 0.202745524857289 0.31645353059094083 0.2759459384756482 0.03467273623073742
5 0.7605780072144429 0.1938076287260357 0.13619165418440432 0.010316755901766186
1 0.71034778059226 0.23135577303820098 0.03148394016861929 0.010519392622816249
0 0.7662317442480026 0.2310789440931601 0.07241306238782413 0.011073044866122358
16 0.6752439357814183 0.29332815560327025 0.36571744899868064 0.010385514577412581
12 0.6438737040472327 0.317598261802358 0.3041062402650715 0.03372245481955428
21 0.4972935640258415 0.8889566447391255 0.011459448022120093 0.010757352558620708
28 0.5311268468205066 0.8885482010402189 0.010434965104242966 0.011434143277703056
3 0.4004680554431029 0.5987494427157031 0.02795027604386199 0.014298529645579094
