15 0.8242805408948886 0.06741450525471927 0.1673197814842895 0.019824315581526718
4 0.7574649234565314 0.09952989649679253 0.09208202739403859 0.015859452465221368
11 0.6791579845819186 0.1569739502930556 0.2872730005261463 0.011816966649238819
8 0.6432488595161504 0.18183881761749568 0.21824380865214507 0.031019537454251917
16 0.14259774573450035 0.15820816127022247 0.12481035702470923 0.011324593038853888
12 0.21058104076192577 0.1742103036077334 0.26077694707956 0.012801713870008698
15 0.179475065387698 0.27201159399168273 0.19650183178090339 0.011637921700007966
13 0.10816391675753144 0.30580632815901354 0.05641504202742062 0.046999299173109
1 0.39203763851306944 0.42803195241058645 0.03712236540779621 0.012451636233025027
0 0.45560968927392054 0.42770427777287523 0.0825972630323465 0.013106985508447409
5 0.4430808909487892 0.4506415024126582 0.14106498854962551 0.014417684059292099
2 0.4324018162061207 0.40393970077157076 0.12824084282919174 0.017414868265747927
