15 0.8203360513749868 0.0687969086878382 0.15892482281133524 0.020617288204787768
15 0.730165939141605 0.13897498584644274 0.21077263734552987 0.011894589348915989
13 0.7459457087824468 0.17227983602340763 0.240077923821379 0.0499572752654473
4 0.1741842699181759 0.08128342301824157 0.09324409333224698 0.012975915653362948
11 0.24531348270032183 0.1401397456718561 0.23880514321763383 0.010723897234184267
8 0.23642180183583547 0.15354461721458637 0.2227154349866585 0.01131966930275004
2 0.4786142520494641 0.2253351514767642 0.09399776913885581 0.01191544137131583
5 0.48665910616495184 0.245889287842284 0.11008747736983118 0.011319669302750022
1 0.4468582489620128 0.28193349799051437 0.032179416461950654 0.010723897234184215
0 0.498938094025433 0.28163561195623144 0.07198027366488959 0.012511213439881673
22 0.710669726348039 0.7895003729116561 0.24142802964058532 0.06130033629543277
