21 0.8705980126619518 0.1564405047309472 0.03558238759194598 0.012731195561279244
15 0.6859457385096189 0.0673596527739471 0.11833376721208594 0.02637176223407849
15 0.27899078384636894 0.0633050736824657 0.3890366336461276 0.014279381089982638
13 0.21665894751632636 0.07758445477244834 0.2643729609860425 0.011273195597354712
14 0.4138639814225816 0.09036074311611703 0.08919900716195742 0.011273195597354721
4 0.20644942260019866 0.15762414351366685 0.09779650182817018 0.018037112955767556
5 0.49459216479098145 0.19810539704685837 0.1660879651427465 0.012422254101768252
2 0.49592442119586977 0.21239098926389186 0.16697613607933876 0.009937803281414616
11 0.5556858535490654 0.38879771294189525 0.25206291180487417 0.012298031560750716
8 0.5703406740028372 0.4171515079291814 0.2755106245309091 0.041676662511432594
16 0.5610963277611508 0.4563495012313613 0.26222358731948936 0.01202474197051174
12 0.6422351836735336 0.4920479539563179 0.4245012991442551 0.05335979249414571
1 0.45064141942447555 0.5788531166731675 0.03197415371732021 0.013043366806856867
0 0.5470079660447323 0.577921447615535 0.11102136707402835 0.012422254101768289
1 0.4848360004832763 0.6192254425039144 0.10924502520084395 0.014285592217033525
24 0.46529623987824736 0.6332004783684038 0.07016550399078604 0.01366447951194516
29 0.4510855048927717 0.6462438451752603 0.0381913502734659 0.01118002869159156
28 0.9104105855315949 0.013005093733730462 0.014785642717064888 0.01083221942846893
21 0.8706301658404446 0.013497467344115414 0.01408156449244244 0.009847472207699019
