15 0.829544193384271 0.08310249540385 0.1664031053263382 0.023219824354330613
4 0.7586993069582061 0.11328826706447977 0.09061555240543172 0.01393189461259837
16 0.18205488256000382 0.16727435868829843 0.1993542152919499 0.012770903394881827
12 0.2232437700170183 0.20442607765522738 0.2784368792094177 0.05224460479724389
10 0.667259976803634 0.16843534990601494 0.2636088797248926 0.012770903394881827
9 0.6754977542950368 0.18759170499833772 0.2800844347076983 0.01625387704803142
5 0.44638727557471275 0.46084856432611765 0.13987510992164187 0.01308404828380755
1 0.39501721308136595 0.43816954730085106 0.03961065059727915 0.014828588054981964
0 0.4624791023798569 0.43904181718643825 0.08788613101271302 0.016573127826156338
15 0.2613191958879391 0.2809547224296632 0.3570278165922107 0.015859452465221403
13 0.11298385661610372 0.31844070098382277 0.06035713804853995 0.05334543101938085
23 0.8462444150259306 0.8838842842758576 0.07788444173689771 0.062271347132067924
2 0.4363021817132096 0.41459649414602795 0.12265798054271095 0.01427350721869921
