15 0.7994802730833864 0.08861204464687038 0.15401253615928892 0.01766149413855858
15 0.7094954951452075 0.15986708525464086 0.2007352224586775 0.011571331885097836
13 0.645035233696038 0.18635934199111184 0.07354526474066175 0.03775909541638373
11 0.20765721809128038 0.16078061145609598 0.2128486485435622 0.008526244546914174
8 0.18799270880233315 0.1738468043981203 0.176194003228965 0.009965740379510101
5 0.46486903975565824 0.26630672338346584 0.11012123193562737 0.012180343705958812
1 0.4235735300839181 0.30367825545340443 0.029103473747641502 0.008304783649591734
0 0.47548783460673805 0.30340142933175135 0.06685933158241973 0.011073044866122395
4 0.1427643374377551 0.09993422991675387 0.08416409975669309 0.011626697109428435
2 0.45779769672494214 0.2448554694470468 0.09517613990921812 0.012728465073607536
