4 0.6557250853322688 0.11271141614433952 0.07630131095310971 0.011319669302750022
5 0.6256284571229866 0.15054294249826725 0.16531950706507145 0.011915441371315847
11 0.28682657236092174 0.15539934542767472 0.3012815767661824 0.019694944415398066
8 0.3166044026226956 0.17534047664826524 0.3496267600147093 0.019202570805013117
5 0.3050435979328304 0.19060405857019877 0.15974930116904545 0.008370351376544178
1 0.5599383241088549 0.23850559311037273 0.03393401886093592 0.00825458238719019
0 0.6301991452119468 0.23957563156797146 0.10658762334524781 0.0091717582079891
2 0.33099640536515745 0.2285317430394145 0.1314451622639312 0.00935916780070567
15 0.3268416959411764 0.2483670749718231 0.3762516435428836 0.008370351376544178
13 0.3236887492075768 0.25821454717952214 0.37134705973506194 0.011324593038853905
11 0.4529649367332313 0.28671830167151213 0.3982080639408413 0.009830239131335645
8 0.740034901914183 0.2873693138066949 0.14473007306808738 0.012473459363896601
8 0.20823800171136117 0.29788367454352477 0.1436160230606314 0.012255031450398307
29 0.24554648963790648 0.32519197052818055 0.02389232969238794 0.009207386514198604
24 0.28909218730306513 0.3262751924710275 0.04778465938477595 0.010290608457045493
27 0.34111580840745825 0.3262751924710275 0.04701393907211823 0.010290608457045493
25 0.5927281139218411 0.3260043869853158 0.4407962657034927 0.009748997485622083
25 0.3201811522119481 0.3357206765843735 0.1979798169327611 0.011513962489750682
13 0.2542965555756206 0.9303788589843448 0.28536690296463096 0.034733511597385996
