15 0.7661794789741339 0.1245440798960273 0.18124664807468363 0.03593202127338688
4 0.2597292050226487 0.2024983079892117 0.07544714862941734 0.01035329694982436
10 0.25452590907211936 0.22746801950372778 0.2384824884004498 0.017661515878644885
9 0.2762061664976715 0.24847912990151136 0.2818430351846342 0.019488558964375288
2 0.3663959617065652 0.30237717268163494 0.10319787941144674 0.00913526201455088
5 0.38374014050388694 0.3130349737066877 0.13962070358377246 0.00974428258791432
16 0.4097564126915069 0.3230837665812838 0.19338768260361064 0.007917227079277467
11 0.4210301340988923 0.3340460809987449 0.21766954409644057 0.009135262014550847
15 0.46482420571988925 0.3532301312293018 0.3035232686603754 0.009744279482187607
29 0.32557904581986025 0.36327891944530627 0.026767367538378706 0.009135262014550942
27 0.40386111855742457 0.3638879369129429 0.03764034405652701 0.006699192144003988
3 0.4166010591762773 0.5532888720706568 0.03229374592594596 0.013956318169394919
1 0.32857758677339954 0.34340176365152886 0.028535361212859874 0.008124164571351712
0 0.3972166988800085 0.3428601526801054 0.08097872776622396 0.008124164571351712
24 0.35904101293307433 0.3631705641084846 0.03856129893629721 0.008665775542775122
25 0.5078876268271812 0.36371217507990805 0.16504235944735193 0.010832219428468832
14 0.5755743629844564 0.6147246808258598 0.09710706816892824 0.013480534595438059
13 0.38146082382081303 0.9026946004825706 0.2545724408656891 0.01081326304446904
