15 0.8301215087920553 0.08427331232244027 0.1721622606151243 0.022164377792770126
4 0.12874742967739722 0.09588322449960555 0.09880616696172341 0.013720805300286293
11 0.19937447117527782 0.1606934434622621 0.22767546648346343 0.009355098597314076
8 0.21369148670567958 0.1816193219036225 0.2591030615501991 0.025603427740017465
15 0.7046270909285474 0.1601383610933692 0.15993153933961082 0.011324593038853888
13 0.7692282585657264 0.18844984369050394 0.2877370926110027 0.0384051416100262
5 0.47304947925529645 0.2736233706558839 0.11915248876301753 0.012511213439881602
1 0.4282616643301907 0.3138379852840748 0.032957071359983485 0.014298529645578989
0 0.48107748381734383 0.3129443271812261 0.07098446139073374 0.013702757577013216
2 0.4685807615002945 0.25207986132132826 0.1137767983195603 0.016887144984967684
