4 0.6545305739774347 0.12833514247509367 0.1421266389208145 0.013720805300286259
5 0.6468780506673807 0.15499607152806566 0.12364213912206566 0.013084048283807626
16 0.16994048657429353 0.20560279196773582 0.19254427784871894 0.013106985508447409
12 0.1935862750820309 0.22496538419612402 0.23645788507737414 0.020852022399802692
11 0.6247318662837832 0.2023284286788983 0.2498853149799821 0.012451636233025063
8 0.6247318662837833 0.22297193085470288 0.25174319836273296 0.026213971016894818
1 0.20536959308175098 0.3224152197216412 0.035361651788910785 0.015351949986334325
0 0.263852324886488 0.32193547128456823 0.07616355769919242 0.014392453112188371
29 0.3524293979669257 0.32128629122891567 0.026179265847852164 0.01072389723418432
24 0.3849423571650646 0.32069051916034996 0.037157667655015984 0.009532353097052778
27 0.4271669795003101 0.3209884051946328 0.03884665254842581 0.012511213439881673
25 0.4934596365666452 0.3209884051946328 0.08867170690401537 0.012511213439881673
25 0.3705859855710809 0.3329038465659476 0.06755939573639277 0.012511213439881654
1 0.7188732748813375 0.3468910174924277 0.03362742274632609 0.013428371192316888
1 0.7195077545557966 0.36569073716167133 0.03362742274632609 0.013428371192316888
0 0.7839074415133834 0.3654669309751327 0.07233068288832413 0.011190309326930716
3 0.840823964760482 0.5124755645062921 0.026730077601291133 0.012736814449086193
21 0.8451704212987624 0.8197918091239412 0.014054381068941106 0.015325084073858148
15 0.834522741646521 0.08304904424359627 0.17378347765307153 0.01915635509232274
13 0.13512318030003084 0.8990658143262275 0.15225354321642784 0.031718904930442736
28 0.8754089845584941 0.8202238996701923 0.01688984893409838 0.014081885257009645
