15 0.8274000532537272 0.07466181734690759 0.17542689653685584 0.02426471645027549
4 0.7550590649911062 0.10786616617360036 0.09223476003484166 0.016602174413346375
16 0.20178902999757317 0.16539808288666533 0.25614432131379383 0.01376233478386981
12 0.19384673704094055 0.1819646441130819 0.23201478379872625 0.01572838261013686
11 0.647370753142976 0.16568562393474962 0.23357392314585382 0.015859452465221368
8 0.64624780158939 0.1902677752558427 0.23357392314585376 0.033304850176964856
15 0.191814516174887 0.27750386216301876 0.23032740355291728 0.01370275757701318
13 0.1285377569570526 0.31384595834553203 0.10377388511724846 0.049449081690960635
2 0.4306564126063823 0.41285799470562806 0.12599516431233077 0.01570085794056915
1 0.3905108945656886 0.43335633701692655 0.035822154559388156 0.01308404828380766
0 0.4572142168486873 0.43422860690251386 0.09017300975294255 0.014828588054982035
5 0.4399207629234654 0.45647148898498685 0.13958287811071934 0.013956318169394777
