15 0.8308051697480203 0.06732688104724019 0.1553886846834665 0.019427657217611607
15 0.7550174126951257 0.14068303502408397 0.23832620350224928 0.010718707430406394
13 0.6577803216662079 0.16714484399289975 0.04766524070044987 0.03550571836322119
11 0.24642929442132572 0.1400131158096836 0.26025221422445616 0.010718707430406394
8 0.23260637461819528 0.1601106922416956 0.23260637461819528 0.02411709171841439
5 0.48666218056913124 0.247200296019026 0.10963019964611159 0.010718707430406326
2 0.4814190040920817 0.22609773827643398 0.09533055441843855 0.012728465073607557
1 0.4468930064226583 0.28352126592164445 0.027106437487374263 0.008329907033356279
1 0.4995317225407144 0.2847421160081594 0.07054455623666575 0.009325969225626778
4 0.1581619516463877 0.07673620247509085 0.07886418564484678 0.010962292677374747
