15 0.8653806499640717 0.06898023190029137 0.18461453865900196 0.023219824354330596
4 0.6768948351391704 0.11264344556312862 0.14241891130316367 0.011339508512633288
16 0.16981728030158297 0.19650723591864733 0.1972548211300474 0.0111409376821803
12 0.1921480147691355 0.21584003954360725 0.24377718460411515 0.0222818753643606
11 0.6448494529859705 0.19131533322071448 0.2622169577629275 0.011915441371315864
8 0.6461182447170815 0.2133588997576487 0.2579876519925577 0.02621397101689478
1 0.20618641673208704 0.31639282521325035 0.03355482264095045 0.010339845818083938
1 0.743793435546518 0.3434820161229817 0.03814833804873558 0.01310698550844748
1 0.743793435546518 0.3651085422119199 0.03814833804873558 0.01310698550844748
0 0.8117160862186569 0.36347016902336393 0.07722712336695224 0.015073033334714553
29 0.36049996153664055 0.3167756485331873 0.025420320182538206 0.01074269695385361
24 0.39545290178763054 0.31632803616011007 0.03940149628293426 0.009847472207699113
27 0.43771418409110036 0.31610422997357146 0.04257903630575143 0.011190309326930752
25 0.5079378185953622 0.3154328114139556 0.0927841686662645 0.010742696953853468
25 0.3776586776598538 0.3281897640466567 0.06100876843809168 0.009399859834621794
3 0.8672408061591378 0.5151444941497985 0.02848378226063275 0.01308404828380759
21 0.8710405712547137 0.8382364341421742 0.012818337213254608 0.01573758275428241
13 0.125734558872568 0.9166955319158027 0.1576177674501416 0.03388155753933674
28 0.9023582122275379 0.8400242870191493 0.015252192109522866 0.013875983565394136
