15 0.7892012842468306 0.11173364227307321 0.15911243393547206 0.025383053670586887
11 0.2548328712595097 0.17041214185852246 0.2627006884302172 0.013432956238042505
8 0.29552076616683454 0.20531015803948066 0.34878044827857474 0.04986612213895665
10 0.7437886881330271 0.17138195571757925 0.2803350424718202 0.015571098784035143
9 0.6409992508278333 0.19873951122008496 0.08336215433957576 0.0379905974962349
2 0.7176779924819279 0.2507718623875973 0.10971459153656264 0.01179628695760262
1 0.6189003868584397 0.2783424064046171 0.03165612713577452 0.011140937682180265
0 0.7462606195231177 0.2774221552030713 0.08900856366433242 0.010832219428468896
5 0.6677735788156519 0.29172124812406014 0.128193579183924 0.010625833151698518
24 0.6290076941545932 0.3037607716048621 0.05298440662048115 0.014273507218699244
