15 0.7648928682841861 0.07732197280920505 0.18808767379406088 0.03732781675314087
10 0.20581358909818281 0.19344255254925344 0.35578040638978226 0.009082690083669628
9 0.1695161937572409 0.219599946839643 0.2846963605333327 0.0358012436815755
4 0.17395783266348328 0.1659037480412659 0.08911509920227773 0.010926608062492953
5 0.32123225976619485 0.3014930208167464 0.16134523223991337 0.009271061386357644
2 0.30036056547934564 0.31523405822866934 0.12523016572109552 0.009602170721584678
16 0.3052853472773662 0.34205391438206106 0.13414167564132323 0.008939952051130575
11 0.37188715826012114 0.35579495179398407 0.26734529760683307 0.00993328005681171
1 0.2555685024592534 0.3693704345382935 0.03376993232928424 0.009271061386357573
0 0.3411659003772307 0.36953598920590686 0.10177882382575923 0.008939952051130575
10 0.4163551240097996 0.3830286946164096 0.3559913699712041 0.011655048599992454
3 0.5698948012542492 0.8294871032551847 0.0339789411670791 0.01343295623804252
14 0.07652057550826194 0.6534194268494135 0.08562693174103914 0.014392453112188263
19 0.5329627812002861 0.6394437484793793 0.12479538392272665 0.01308404828380759
17 0.6633183554958072 0.6394437484793793 0.10131902457092636 0.014828588054981892
13 0.3678047019391574 0.9599818383391091 0.2752962466029451 0.022817868149911078
