15 0.6148123934364358 0.11343844448341715 0.08016978883713848 0.02537512394435421
4 0.848546848215135 0.15943085663255907 0.08016978883713848 0.015859452465221368
2 0.38098692799342115 0.2736516779138282 0.1427770654415339 0.011796286957602646
11 0.3983544742987421 0.32331014640634115 0.1750682971707891 0.011373830399892313
16 0.46693502578747087 0.33399493692358645 0.3092616174691031 0.011915441371315791
1 0.32740118187935296 0.3734029660218661 0.03732733737033566 0.010128125165618443
0 0.3850888850880535 0.37340296602186607 0.07126128043427712 0.011319669302749986
12 0.23454231167773684 0.15972792150442347 0.3449045973019015 0.010092378841504476
9 0.35207676522258124 0.17811046868002095 0.5840795115023272 0.02523094710376128
1 0.3284276836570372 0.35682262935368003 0.03732733737033566 0.010128125165618443
22 0.23198652755165863 0.7327293139345601 0.1445314502979396 0.08643401593545659
29 0.32054850966775744 0.3898418436686417 0.01959685211942617 0.013762334783869718
24 0.3546097050181888 0.3895141690309305 0.046659171712919584 0.011796286957602646
27 0.40360183531675425 0.3888588197555082 0.053191455752728274 0.013106985508447409
25 0.48338901894584674 0.3895141690309305 0.10451654463693984 0.011796286957602646
25 0.40313524359962505 0.4036041784525115 0.18477031998316146 0.012451636233025098
5 0.38272040954089975 0.2907655750155838 0.1501772100752029 0.01348053459543813
13 0.24165412129388866 0.6807675694932107 0.3531166115233752 0.026672715509690192
14 0.5932361126596262 0.5916163204742219 0.12646501901069712 0.01427350721869921
19 0.8319365777384065 0.5666931909251265 0.08942883487185029 0.013956318169394777
19 0.09003067286410646 0.5796107149580493 0.05307014190627471 0.01506647984196043
17 0.1622963980130763 0.5792142286464188 0.0756531810153278 0.01268756197217698
