15 0.7611268773222133 0.1220867022861877 0.18477031998316165 0.033881557539336526
4 0.21887936619396214 0.19019734554052725 0.08062817050316679 0.011324593038853869
10 0.3082714682735601 0.2111232239818877 0.3631773245273078 0.009847472207699041
9 0.18908199883409615 0.22170925660516416 0.12479838564837994 0.008370351376544178
16 0.3860951806722689 0.28054790304616584 0.17668086058085244 0.009847472207699007
11 0.38188849351558196 0.29113393566944235 0.16686525721524958 0.008370351376544106
1 0.3131792699563616 0.30122759468233373 0.0252401229401217 0.008862724986929074
0 0.3769806918327805 0.3004890342667564 0.0855359721859682 0.009355098597314076
2 0.350282695776601 0.2704241984791322 0.10720041104290608 0.008665775542775159
10 0.4516607821810614 0.3111870711224867 0.3079505333052693 0.008519540580490812
27 0.3226793967125491 0.3212952922856626 0.049272085328843 0.009371494638539844
19 0.37340942251623715 0.490920976397756 0.11065689163436009 0.010308644102393884
17 0.5128596890146399 0.4917139490210171 0.0553284458171801 0.011894589348916042
14 0.7178007689292966 0.4913174627093866 0.09710706816892824 0.009515671479132806
3 0.7148665482090957 0.6016280686779255 0.029357950841769166 0.013480534595438201
13 0.4126647703077109 0.8933718646546132 0.3291592477202325 0.02085202239980248
