4 0.6743908966419428 0.13798454905631402 0.09061938446488071 0.01570085794056913
5 0.3113919869813895 0.33312876785987655 0.1118466649354212 0.013084048283807609
11 0.3429473945580645 0.35430748068193346 0.18496285322283845 0.012211778398220473
8 0.568875175004753 0.3538713457391398 0.24454820191207502 0.013084048283807593
16 0.42860133329884187 0.37698649770720033 0.3562707307043935 0.01395631816939473
12 0.6452189030128374 0.37567809287881926 0.06206807155128807 0.014828588054982035
0 0.2883274915929309 0.4005377846180537 0.08068849301667445 0.013956318169394848
1 0.501220977013849 0.3996655147324666 0.034758120068721324 0.017445397711743454
3 0.33175838601580765 0.7938258163342077 0.026752408283785202 0.012255031450398387
22 0.25214420535956084 0.8993779094325134 0.21215995366622104 0.06343780986088547
10 0.6601498022123448 0.19026446586898135 0.38302206954299867 0.01583169842340723
9 0.5933086959587627 0.24936947331636838 0.24333166770966977 0.062271347132068444
