15 0.8312622095185236 0.05829040048199349 0.16205111665704067 0.017942591546528188
4 0.5529244119270323 0.0841488412402253 0.0915288714451804 0.014776251861846746
10 0.5649281983460724 0.13903206244137034 0.1905601094022608 0.010554465615604833
9 0.6136935806734227 0.16119644023414048 0.28809087405696127 0.025330717477451543
16 0.219819338798671 0.23666086938571496 0.1995629492165409 0.015831698423407196
5 0.5244154191818122 0.37175802926545665 0.10653360446898048 0.013720805300286259
1 0.48690358662231215 0.4007828097083699 0.03751183255950011 0.012665358738725842
0 0.543225222445616 0.40109329453458675 0.06866451148108765 0.012975915653362903
29 0.4916531444217902 0.4269888006894638 0.03447200712076324 0.011140937682180337
24 0.5293860170810039 0.42666112605175255 0.03726703472514942 0.011796286957602717
27 0.571306183270725 0.4258806646419313 0.04234890309676061 0.013106985508447409
