15 0.8005510163700041 0.09692284158008191 0.13835045670110144 0.04458021384704313
4 0.6315769557432366 0.131187809622715 0.08127731870678502 0.011149875087236562
5 0.5998083371001987 0.16814700428897364 0.16469781532542485 0.011187564468802315
11 0.3150524543008482 0.16738059502449873 0.3638723209034257 0.008241212021000918
8 0.2943621112063221 0.1868970881119947 0.3206038140027051 0.028871835092427866
5 0.30145981419737855 0.20593587488755055 0.1721859477893126 0.008277733380676437
2 0.35633188725544235 0.23143241737424863 0.138783755731823 0.008939952051130575
10 0.3136116658642755 0.2613349009190051 0.36287257540884327 0.008241212021000878
9 0.31351162439580266 0.2715536877871197 0.358305686079286 0.01056450052104172
11 0.43488032076069916 0.2998012169155355 0.3804037579748087 0.009615415094993713
8 0.7100037990656631 0.301714182703018 0.14126579941926298 0.014655329478451405
8 0.22881567767305205 0.30881581792721496 0.1899573366665547 0.00921474682369555
29 0.23652230656625328 0.33745120995452077 0.02864250209233373 0.008012845912494843
27 0.3274203308730791 0.33665511673814214 0.04692137530905342 0.009214772799368982
25 0.45656696299064137 0.3372560801815785 0.19709864993143897 0.008814130503744268
1 0.5355677187348704 0.2527537809823099 0.03460357954320297 0.007935669411434048
0 0.6070776686852476 0.25361185060256974 0.11080927408199898 0.00875661051840158
24 0.2786430984484381 0.3362777032181357 0.0482503189908012 0.010723897234184286
13 0.2474615783651577 0.9055671382071924 0.2717621781597171 0.04223393530960831
8 0.456344872959951 0.19697246042909924 0.0025378154862450942 0.009532353097052635
