15 0.7392974709698218 0.09828261815986483 0.19493676530219153 0.0440442948721621
10 0.27354183632306195 0.210549377179607 0.3005182407530164 0.011699499740431118
9 0.24415514194982585 0.23190928709926673 0.24308657708719714 0.030567624368052413
4 0.2158414016462156 0.19201905231037586 0.08911509920227773 0.010926608062492953
5 0.3672376031502991 0.291992081156036 0.1464463469639037 0.010712829792286887
2 0.3552543630748693 0.3024891396546179 0.11291859464252547 0.008881286518620085
16 0.4490857909759321 0.32265530502407325 0.30189553226421234 0.010019382717177495
11 0.4347890411170401 0.3327003891670013 0.2753669317712978 0.009029331345505836
1 0.3129771589505762 0.3413193191063303 0.03376993232928424 0.009271061386357573
0 0.37861538029511693 0.3416988101076565 0.09251634094474094 0.009595301326552863
10 0.4582182886114598 0.3523388505316714 0.31997060321168824 0.011655048599992425
3 0.5738532922254912 0.6430592395265077 0.0339789411670791 0.01343295623804252
14 0.5571159267884559 0.5242856045943918 0.09647837598365179 0.014392453112188263
17 0.3532179086305839 0.5227432126776711 0.054195282404238265 0.013084048283807577
19 0.21185414313461762 0.520949719049094 0.10893431984957669 0.011140937682180337
13 0.3565700072976773 0.9432472153180445 0.26321138650833625 0.023068294494867417
