11 0.37970232169766194 0.17935652167498453 0.5098710586485151 0.010554465615604797
8 0.3674326972916816 0.2062224341510695 0.49078497623921247 0.039339371839981575
4 0.7375663668720879 0.17695777948961983 0.09952028684850703 0.013432956238042486
5 0.7437011790750779 0.2091009247735072 0.11451649445581623 0.014392453112188406
1 0.13499147937838793 0.3750938840007466 0.0368088732179409 0.010554465615604726
0 0.28972507605380626 0.37509388400074656 0.07361774643588187 0.012473459363896567
29 0.37862751621475305 0.3734571223756362 0.01777643331240043 0.011319669302749986
24 0.4107943955419539 0.3743507804784849 0.04317133804440111 0.011915441371315722
27 0.45862146612055504 0.3734571223756362 0.04909681581520118 0.011319669302749986
25 0.5546988556899575 0.37286135030707046 0.1396719760260035 0.010128125165618443
22 0.4800368534241539 0.6816803417481171 0.20159551848581928 0.05338237619060621
22 0.810374064408343 0.6514771552192217 0.14371165674236622 0.09131195927340492
