4 0.7083889978604386 0.18124001192905034 0.10657500731539829 0.015700857940569177
10 0.2213659993144882 0.19214338549889007 0.2850261823551361 0.011339508512633252
10 0.20215771311229425 0.20522743378269773 0.24908809849296673 0.013084048283807626
9 0.3762715332031491 0.2060997036682849 0.06444070209768299 0.011339508512633288
9 0.24318478941968252 0.22647193971877166 0.33121619609648223 0.02537512394435417
5 0.6955134547173765 0.21972971629680582 0.14127384690645864 0.015700857940569156
16 0.46456338601064556 0.3369310700147912 0.2512286113248829 0.01427350721869921
1 0.3595551107570462 0.3882826685650709 0.032317874081247595 0.010832219428468974
0 0.4264992784967733 0.3880118630793592 0.09695362224374278 0.010290608457045564
10 0.1683942469037169 0.07419199518554988 0.1811339894934686 0.012511213439881602
9 0.21367774427708408 0.10219328240814207 0.27000814321689953 0.036342096182513245
1 0.36019103901523686 0.36232115092659173 0.032317874081247595 0.010832219428468974
2 0.4066208302363794 0.3110726428793772 0.12640291565314726 0.012211778398220402
27 0.3839049156458193 0.32356160429949754 0.08379563065352044 0.012451636233024956
19 0.24624758489444815 0.4790259120032683 0.08472669321633741 0.01376233478386979
14 0.6047066715789527 0.46821264895879905 0.08286456809070372 0.011796286957602646
17 0.39331585310746975 0.4800669757077176 0.08674709897765005 0.01348053459543813
