15 0.8294931501444117 0.06550196133721711 0.15833748328324732 0.019031342958265637
4 0.7605032467138539 0.09404897577461555 0.08369266973543077 0.014273507218699227
11 0.6957818274883805 0.1476139980037226 0.2863568308814763 0.011915441371315812
8 0.6490470331308695 0.17293431091776873 0.19968503043663788 0.029192831359723802
16 0.2589906192219894 0.14847937546080434 0.28090034174311646 0.01139376949651126
12 0.26102192334616475 0.173504976319213 0.2838022047776527 0.02726366272379483
15 0.2678844493043475 0.2572088953574145 0.29877581803586023 0.011637921700007966
13 0.2851215157294933 0.2977178151209036 0.3319731311509559 0.06042767036542582
5 0.46515559907677584 0.42658786654822095 0.13340659480234954 0.013106985508447409
1 0.41672135765171897 0.4045443000112867 0.03313921781714413 0.011915441371315722
0 0.4813003462184615 0.4051400720798524 0.08412262984351983 0.011915441371315793
2 0.46138581294018344 0.3835213016381789 0.1279536512232157 0.01583169842340723
