4 0.1844593910466701 0.10077414741565188 0.07905578937244279 0.013956318169394794
5 0.6476769069008271 0.1452599115805978 0.13834763140177495 0.012211778398220439
10 0.25054508997519653 0.13435653801075811 0.2952239634377161 0.011339508512633305
9 0.23016351927761355 0.1622691743495477 0.2594018088783279 0.035763065309074145
16 0.3971223624574142 0.2079378845774538 0.1380583837480024 0.009748997485622048
11 0.415913642467559 0.22012413143448137 0.1741069617266475 0.009207386514198638
2 0.37449612734315835 0.231227156348662 0.08973794943620149 0.009748997485622014
29 0.3426659999790356 0.24287179223426608 0.02454371266631149 0.010290608457045493
24 0.37449612734315835 0.24314259771997782 0.03144663185371165 0.011915441371315793
27 0.41054470532180337 0.24287179223426608 0.03758256002028958 0.010290608457045493
25 0.5045011053725272 0.24341340320568952 0.14726227599786923 0.011373830399892385
1 0.3438164865102689 0.27807650537679013 0.028378667770422653 0.011373830399892385
1 0.3430494954894467 0.289991946748106 0.028378667770422653 0.011373830399892385
1 0.343816486510269 0.30190738811942175 0.028378667770422653 0.011373830399892385
1 0.3422825044686245 0.32519665989063 0.028378667770422653 0.011373830399892385
0 0.4208990841029036 0.32627988183347684 0.07056317391564569 0.013540274285586094
21 0.8739455716726942 0.9246899570321457 0.010846960168200527 0.01042523182974776
3 0.575639230637007 0.34162223782712897 0.028584221364003213 0.01153414724743378
28 0.8995974584293718 0.9252097693239258 0.013334750223856133 0.010088934028787975
13 0.2550247664566428 0.8671826077009925 0.31646816510146264 0.02818001884316189
