5 0.44218522541225913 0.45872748044810985 0.13863069300224984 0.012909189018927378
1 0.3908017403030793 0.43746784191973637 0.0399768434134527 0.014082751657011698
2 0.43244326801145777 0.41300370791044033 0.12326193385814582 0.014082751657012027
15 0.8263620172916626 0.07744508898197773 0.16750958331863144 0.02110893123120964
4 0.7603114905359419 0.10862873739171924 0.09260692411111321 0.014392453112188406
16 0.22914599034351193 0.16811754358876382 0.3022561685718075 0.016311446860480142
12 0.22984822714977318 0.19306446231655766 0.3063874703976286 0.035501384343398265
11 0.6827175404762258 0.16523905296632577 0.305122987374044 0.016311446860480104
8 0.6390787217210585 0.19306446231655702 0.22056289262338682 0.03550138434339788
15 0.23801555739703922 0.280858426300906 0.31727621234358094 0.017270943734626013
13 0.2529454061375295 0.3230762887633253 0.3525818283731414 0.06908377493850591
0 0.4618896068863277 0.4367937527260162 0.09214070988237631 0.017873162056973795
