15 0.6938098570444715 0.06800668898402773 0.11591095463750115 0.027863789225196722
10 0.2889494512034852 0.06452371533087814 0.38912963342589696 0.01393189461259837
9 0.21443526607937727 0.0784556099434765 0.2599717125441099 0.011609912177165284
14 0.4189353074755401 0.09296800016493313 0.0960405052710724 0.022058833136614064
21 0.8618807412688483 0.16262747322792492 0.021526320146964508 0.02438081557204713
4 0.20773651610357358 0.16085005598181742 0.10537359512500108 0.016887144984967718
5 0.4930146883472766 0.21558816319290572 0.16738533947086154 0.011894589348916042
11 0.5544640261778386 0.3912908559267161 0.24881604515938868 0.013696799856327572
8 0.5770836666468739 0.411475613609725 0.30022431895265084 0.023789178697832015
16 0.5594877591454014 0.44389055602730876 0.2587686869657642 0.014828588054982035
12 0.6415970540479996 0.4857595105354933 0.42547543722255476 0.06716478119021246
1 0.44758264001841874 0.5799512931409945 0.03506044272700479 0.015066479841960287
0 0.543150621000093 0.5791583205177333 0.10857427425136955 0.015066479841960358
24 0.46115442429983994 0.633080458899486 0.06898990343055772 0.013480534595438201
29 0.44814813103014456 0.6465609934949242 0.03619142475045649 0.011894589348916042
2 0.49402425766396624 0.20005509825941858 0.16695556630194985 0.012473459363896601
21 0.8674328348385215 0.016287980026109632 0.02152632014696452 0.016451089339436467
28 0.9046160606385056 0.016675640087875174 0.018506978565574456 0.018742989277079788
