4 0.8796741342489043 0.12247711060044537 0.10281654758652409 0.010723897234184232
11 0.5835231383836732 0.14982419199376817 0.1369679352301145 0.007324566104900097
8 0.6276314565086254 0.16874598776476013 0.2205415906247608 0.027263662723794813
16 0.28705657799983547 0.14961674077913747 0.218800472804039 0.007731486444061239
12 0.29924440274488806 0.16406241281935713 0.24433686750795863 0.017090654244766874
1 0.5663986114194637 0.27004209134366935 0.10024617755670938 0.008138406783222293
15 0.29384184271554803 0.20531491649438777 0.2340602097574518 0.009207386514198604
13 0.2478795242978306 0.22454210597992008 0.14213557292201695 0.027080548571172293
2 0.5579957745874357 0.2512613184062298 0.08505732573067007 0.00786419130506843
1 0.5275323630729798 0.26078972853952387 0.023915180061104522 0.006661181768887659
0 0.5701210398941249 0.26124912038565407 0.05995175275591947 0.007579965461148035
