15 0.6336847845735859 0.0858973337564173 0.15253350248648784 0.016395508341810933
11 0.256415701133524 0.21809058715199137 0.35240259804290974 0.028390490635170487
8 0.24695217106727596 0.24873941749876458 0.33347550472255627 0.027745304504246525
4 0.7318437585955059 0.19066795415211082 0.09012854169895376 0.012259530047005463
5 0.7728522741079048 0.20583106756350628 0.17394811036987512 0.01161427070643794
3 0.3784011989885587 0.6470847425269833 0.03167862695592788 0.014828588054982035
1 0.787786531957473 0.6108855422751156 0.05117316662111435 0.013956318169394848
0 0.8170283414552526 0.6270225351584783 0.1145304205329701 0.01308404828380766
13 0.2831449060593275 0.9642421466474076 0.4934051878068868 0.012451636233024886
14 0.500554427588336 0.9776768067935661 0.10984902140413069 0.011796286957602575
22 0.6622625617631581 0.838161598981062 0.22958435474456146 0.17840952042649932
2 0.7459829284629387 0.22263464728691773 0.1297361614718153 0.016887144984967753
