15 0.7657946993257572 0.11863660269563446 0.18227036836743907 0.03593203059056689
4 0.25440105916687594 0.17740678832257864 0.08033717657901346 0.01096231441746106
10 0.28074820874987644 0.19872239968986402 0.29888874022308687 0.009744279482187698
9 0.16974469608725667 0.21394782706360224 0.07860935200452902 0.018270524029102
2 0.3620040775422838 0.25828988797017427 0.10449156407476165 0.009151272082104783
5 0.3788784913591664 0.2692714247355649 0.139538490459012 0.009151286082375091
11 0.45059477700761447 0.279864029089068 0.2855671432649549 0.008373425925356781
16 0.4563515510093422 0.2901154677648636 0.2962759111373907 0.00805312353899808
15 0.46170593494556017 0.31024827661235865 0.304129007577177 0.008053123538998008
27 0.32356255142478024 0.3195596955708935 0.029270094479242892 0.007549803317810703
25 0.4445719063496628 0.3203146810361062 0.1142268573059819 0.009059763981372804
27 0.5577278868684011 0.3203146810361062 0.09495107513559752 0.009059763981372804
13 0.3781391702341962 0.905947806891304 0.2535835377872786 0.011534147247433709
