4 0.6559376256266509 0.11526577472036953 0.09913954168874298 0.010308644102393884
5 0.6694566540387522 0.14460576178102905 0.12843076991496255 0.011894589348916008
10 0.19629065961520614 0.1299357682506993 0.24559568281984054 0.009515671479132824
9 0.23741103770201433 0.15015657014385653 0.33234278179749066 0.02299620607457099
16 0.14559430306982624 0.19495952335810685 0.1464561411310976 0.011101616725654928
12 0.20192358812024838 0.21676627049778624 0.256861539829925 0.022996206074571007
11 0.6210134688953892 0.19139114655343206 0.21179811178958716 0.01348053459543813
8 0.6486148185700961 0.21399086631637249 0.2602412969329505 0.02696106919087633
1 0.7448653636441372 0.3958138208192835 0.033530762704596526 0.009359167800705635
0 0.8061457230697794 0.39520344031054194 0.06359282581906257 0.009766088139866796
21 0.8721536988377956 0.8407804013903682 0.014544582282948177 0.012975915653362877
1 0.2057941057115971 0.31730953111643795 0.033530762704596526 0.009359167800705635
1 0.7423868751019185 0.3443498975696403 0.033530762704596526 0.009359167800705635
1 0.7461046079152461 0.3631037001097645 0.033530762704596526 0.010231437686292809
15 0.8618293302322761 0.06873414146803516 0.16659284660949253 0.019736850701181013
13 0.1246210478546103 0.9183707954013185 0.15669272281817015 0.03052716384386713
19 0.6895365366849121 0.7101981850007152 0.17820537452315371 0.010813263044469182
17 0.5830229794986593 0.7105586271021975 0.03072506457295738 0.012975915653362903
5 0.13929612443870767 0.7236934411239679 0.12527023572445492 0.010128125165618514
3 0.5399361972791819 0.5372193534974169 0.030417813927227966 0.009515671479132806
28 0.9011236127567489 0.8416175455989807 0.015389463848213153 0.015165107199856323
