15 0.4792001531448629 0.05586345670335774 0.2666653650223649 0.02180674713967938
14 0.6773609221940768 0.09090203338845246 0.060760239964159836 0.013696799856327537
5 0.3513129269194175 0.11821001489477397 0.1296691489917163 0.014776251861846746
4 0.8322950028305514 0.11715456833321347 0.08443572492483853 0.018998038108088675
11 0.3951326970642818 0.158982216176568 0.21523542631371848 0.04036951536601798
8 0.4193338095923792 0.20583968936926744 0.2656973205212409 0.027393599712655075
10 0.7423610669450912 0.21751702239641596 0.2153290476387788 0.02621397101689478
9 0.752999853883766 0.2517739163389489 0.23490441560594044 0.011319669302750057
2 0.16218967297771386 0.3186468110279312 0.09362132506033856 0.011373830399892348
24 0.1308536096310716 0.33218708531351737 0.06344585665246084 0.012457052342739203
1 0.08203462655162641 0.42620051985733537 0.03574632411394746 0.013702757577013145
1 0.08033242064143838 0.38687956333199325 0.03574632411394746 0.013702757577013145
0 0.27693720326814947 0.4262005198573353 0.07489706004827092 0.014894301714144688
15 0.7857671176456898 0.8747423314185275 0.2343913792556394 0.021108931231209594
13 0.3810910465521901 0.09096792745388763 0.42326201059779095 0.012975915653362903
14 0.43270148899105804 0.6796577225876398 0.0471271884225596 0.00935509859731411
19 0.6502186225443548 0.6795179867108254 0.1251121343988163 0.01072389723418425
17 0.7434143961271462 0.6792201006765427 0.04936397139545136 0.010128125165618514
13 0.7743931096747722 0.9061448307002533 0.355292928603985 0.039648631163053526
