15 0.33903002965247675 0.08764777072286847 0.19287041686896447 0.030607950285253968
4 0.6790559973374762 0.1396228369166239 0.0915956640456266 0.010813263044469107
11 0.40048373719655345 0.1503914051405091 0.6464183886186297 0.009515671479132865
8 0.2142563730498555 0.177748960643016 0.2649070103971268 0.04361349427935874
5 0.5465222172872773 0.16307896711268627 0.1392459926446434 0.014273507218699173
11 0.2188305366923312 0.30895440019490045 0.2629048171278965 0.011140937682180337
8 0.15427383782462709 0.3391004668643295 0.13192021072965626 0.046529798554988275
16 0.47378271700319163 0.30993742410803404 0.23390108285400038 0.011796286957602646
12 0.4845421668144757 0.3394281415020407 0.26103360846506446 0.0445637507287212
1 0.6370456728352841 0.32140603642792553 0.03274615159955999 0.011140937682180337
0 0.6641781984463481 0.33385767266095057 0.0888824114845201 0.011140937682180337
2 0.13803437225719037 0.38940187914128643 0.11732478315956663 0.012255031450398236
24 0.5646231671663163 0.39156453175018024 0.050429073463322566 0.01369679985632743
3 0.25926512915782207 0.7440197690826099 0.03704993152407368 0.012975915653363045
13 0.3021134264236515 0.9398041086128263 0.48971004283135533 0.017942591546528063
