15 0.8275657753872239 0.08177651525978721 0.16895792837439857 0.02205883313661407
4 0.12790189000674781 0.09642410731350985 0.09243247013399579 0.014828588054981981
11 0.21786949427050378 0.16009980896137363 0.27976227627222733 0.013084048283807609
8 0.20246408258150445 0.17449226207356205 0.2489514528942287 0.013956318169394813
10 0.7471047617133874 0.15859523832757463 0.25511361756982837 0.013084048283807609
9 0.6503587763064718 0.1899969542087129 0.05669191501551737 0.0479748437072946
2 0.46051089053691835 0.25226893571888004 0.10867817700603155 0.01585945246522133
5 0.46891384236728156 0.27248973761203726 0.12100250635723092 0.015066479841960287
1 0.4263388864267745 0.3133278277099823 0.03361180732145307 0.014273507218699244
0 0.48403915566193545 0.31372431402161277 0.07506636968457847 0.016652425088482446
