15 0.8316185719278388 0.08489557472756395 0.17815051315825897 0.023219824354330624
4 0.7537712888670872 0.11497580173203767 0.08533259873967011 0.01583169842340723
16 0.2275535966391206 0.17144219277552344 0.29641850088517024 0.014776251861846746
12 0.2170741546886348 0.19044023088361214 0.278453743255766 0.018998038108088658
11 0.6968828897073069 0.1709144694947432 0.3278568267366277 0.01583169842340723
8 0.6654445638558495 0.19941152665687625 0.2649801750337128 0.03694062965461686
10 0.22979919134279617 0.2838472515817147 0.30689794283565613 0.015831698423407196
9 0.11227973518377662 0.3213156045171119 0.06287665170291491 0.054883221201145
2 0.4358962625923415 0.41737921608281753 0.1259737574814222 0.017445397711743454
1 0.3909056349204051 0.44156488109228015 0.04274109628833983 0.015066479841960358
0 0.45614204504471295 0.4411683947806496 0.08548219257667938 0.015859452465221437
5 0.44714391951032584 0.46416460085522054 0.14621953993379372 0.017445397711743454
