15 0.17789465975000276 0.08691349642004635 0.12042951968751961 0.02220323345130991
5 0.18239669786916235 0.1388532032436463 0.08666423379382251 0.008722698855871762
1 0.6067137905999559 0.1796912933415913 0.03489079542348712 0.009515671479132806
0 0.6601754932649763 0.18048426596485234 0.06077751460865485 0.012687561972177085
21 0.8756525653688395 0.9326358744707497 0.007665642185677517 0.008239600746242927
10 0.6710655531459857 0.13748774742777636 0.24373215669495543 0.009766088139866796
9 0.6725094640268798 0.15803722455541272 0.24777510716145926 0.02889134408043928
1 0.19082644983338423 0.23276916854108903 0.03489079542348712 0.009515671479132806
22 0.6771588464750637 0.791386723247291 0.07090710037676388 0.08801996118197863
13 0.40692951796544125 0.8992884819038285 0.4963742253844273 0.008340808959921049
28 0.8861178691880311 0.9324202539301433 0.005216320317349101 0.009647228768733812
