15 0.8287656710806097 0.08203411358606444 0.1707394320149993 0.023551286910853734
4 0.12583232516736684 0.09430921248662547 0.09481495914333732 0.013106985508447373
11 0.19926744058230456 0.1582057668403066 0.23982607312726498 0.013762334783869807
8 0.213210816926913 0.1876964842343132 0.2695719426624296 0.04390840145329879
15 0.7563857819369004 0.1587808148330173 0.26788183643884056 0.01310698550844739
13 0.6634299396395109 0.1897609623984384 0.08197015184406155 0.0464702213481317
2 0.4617377543614101 0.24994893571500498 0.10751635247901042 0.014392453112188371
5 0.4699035532838666 0.2715376153832876 0.12112601734977119 0.015351949986334254
1 0.42610113366609653 0.31150880945970394 0.03253454480408642 0.012451636233025098
0 0.4818746390445302 0.31150880945970394 0.07715334910683325 0.015073033334714553
