4 0.638952125562133 0.14710842944116992 0.09574451756631135 0.012451636233025027
11 0.7518218979548922 0.20857757007868657 0.24249948315173797 0.012211778398220439
8 0.6361397465534254 0.2212254834197006 0.19424703497358606 0.011339508512633252
16 0.7547565138962207 0.29183576342544615 0.2128688788610222 0.011796286957602575
8 0.6975886708833261 0.31215159096353956 0.32348633119491566 0.02621397101689478
1 0.22879751312957589 0.604471016348814 0.02881631111219072 0.011140937682180265
0 0.28550057693098346 0.6041433417111027 0.08087158279872884 0.011796286957602646
5 0.6127071124816513 0.13158591812396347 0.153789213039597 0.013432956238042503
2 0.20331714551224842 0.31748419484079454 0.11360133487163977 0.014273507218699279
10 0.1425797981551341 0.2262923431657717 0.08885648965207467 0.015859452465221368
10 0.3302975589922461 0.3326090959104653 0.33092279857870677 0.011796286957602646
9 0.33122711741522 0.3532525980862699 0.3309227985787067 0.025558621741472366
1 0.22816261221913678 0.5892521956641882 0.02881631111219072 0.011140937682180265
1 0.22943241404001508 0.5735857626064852 0.02881631111219072 0.011140937682180265
14 0.5290076735264725 0.6474812435433001 0.07077025732795604 0.012473459363896496
19 0.32268515408573833 0.6497313611126583 0.20686690603556393 0.016311446860480302
17 0.19203237132643494 0.6482921158014403 0.05443865948304321 0.0172709437346262
27 0.15531439531767574 0.3752677109385292 0.05072693270010843 0.01831766759733064
27 0.15531439531767574 0.3752677109385292 0.05072693270010843 0.01831766759733064
14 0.1813187364268651 0.21010584458897155 0.1106174523338935 0.01441768405929217
21 0.48373213338850346 0.9528904991178139 0.015210956012300087 0.013106985508447338
28 0.5048584611833646 0.9546778153235113 0.011830743565122362 0.014298529645578952
