15 0.6789355564791749 0.07905046559109738 0.10357447681407157 0.02277724987331442
15 0.2867950819809943 0.07490914851931745 0.36108537430137233 0.012180349352734545
13 0.22675745945144668 0.08830749243287883 0.23409929410008729 0.010962246091474939
14 0.41593925293327927 0.10140140836151508 0.08379253901251936 0.010353296949824368
4 0.21768783331087513 0.16626176866482653 0.08811174205440181 0.012180349352734545
21 0.8504510789466531 0.029841855914199633 0.01122992790889441 0.015834454158554907
28 0.8880281454110304 0.02984185591419963 0.0138214497340239 0.013398384288007997
5 0.4936849076871632 0.2049343778597587 0.1546274688993914 0.01157133188509782
2 0.49238914677459855 0.21863727088158505 0.155491309507768 0.01096231441746106
11 0.5478045399973543 0.4018568316740419 0.23470538412346623 0.011388633477405818
8 0.5601574425017342 0.4276487248447569 0.2537099866801748 0.03617563757762163
16 0.5544560944864493 0.4655938540082779 0.2499090880033181 0.012058545859207187
12 0.6304740680235803 0.5000946935498986 0.40194503507758017 0.05024394108002994
1 0.4447051451922164 0.5821597973139475 0.03420808809170893 0.009378869001605566
0 0.5373520504405949 0.5821597973139475 0.09597269159062798 0.010718707430406411
24 0.4584834028958214 0.6344134960371787 0.0617646034989189 0.012058545859207116
1 0.47891323328392493 0.62235495701057 0.10072381493669846 0.010718700597807763
29 0.44375492052300225 0.6474769207179866 0.030407189414852383 0.007369111358404439
21 0.8483314815465757 0.16689337537701898 0.016360228244340646 0.013696799856327501
