4 0.6578414013529792 0.11560803864640536 0.09946142331760242 0.011101616725654928
5 0.6714043227144704 0.14494802570706486 0.126587266040585 0.012687561972177104
11 0.19473680009903915 0.13057589113046947 0.24548693127485705 0.00866577554277514
9 0.2646002192197139 0.15034469158742528 0.38366982655221366 0.022206049828361305
16 0.21982587326392233 0.19475679124414788 0.29875296353260905 0.010290608457045493
12 0.17813941323611643 0.21073431490113953 0.2107482145850188 0.009748997485622048
1 0.7470399744414852 0.36513813879889684 0.03298423604893742 0.00984747220769897
0 0.8091485891293777 0.3639072047729344 0.0673720566105952 0.010339845818083972
21 0.8741314764642292 0.8390576809642485 0.010970574736294304 0.012255031450398494
11 0.5980556499772812 0.19206515988424427 0.1579453652164645 0.010128125165618406
8 0.6549499482004164 0.21381084038689566 0.27343229892312676 0.025022426879763165
1 0.2074617529434914 0.3162910252060151 0.03298423604893742 0.00984747220769897
1 0.7482832422329551 0.3450759314303917 0.03298423604893742 0.00984747220769897
29 0.35798948892689436 0.3167560989464726 0.01868170986431302 0.010485588406757848
24 0.38928135294961874 0.317411448221895 0.04016567620827303 0.011796286957602611
25 0.49763527016263426 0.31610074967105023 0.17093764525846417 0.013106985508447373
15 0.8590134324472984 0.07088877582988357 0.17157095522286453 0.02180674713967938
19 0.7939010809211037 0.7548980208226523 0.17903056197168468 0.011339508512633358
17 0.6882233186461508 0.7575148304794138 0.03232496257822092 0.014828588054981964
5 0.26489063565060506 0.7692904739348407 0.12805658252141328 0.010467238627046243
13 0.1220896970392068 0.9185237142221534 0.15964370247685672 0.0303843754968554
3 0.5405955204219568 0.4932079074725675 0.027173396166273563 0.009532353097052707
28 0.9028601008909299 0.8395223649933118 0.013421339511024115 0.012443018635505183
