15 0.8614141281470671 0.06896294471515317 0.1788645242633912 0.02686591247608499
10 0.2217345127470771 0.14668219152097048 0.2566910729886833 0.024946918727793168
9 0.26884005539659556 0.1735481039970553 0.35090215828772064 0.026865912476085243
4 0.7106270493063976 0.1280509392953502 0.10771201729547343 0.01369679985632752
5 0.722936994140166 0.1583280758198637 0.13643522190759966 0.015138568262256714
16 0.24928664117117158 0.22074706003669925 0.30980027831650475 0.01585945246522133
12 0.2041501767806875 0.2373273967048852 0.22363066448012595 0.0173012208711506
11 0.6442005353259111 0.22041546333426978 0.1703901530740775 0.013480534595438201
8 0.7068273796677079 0.24380815572047126 0.29338701853814686 0.030132959683920574
1 0.7983216242792618 0.4048088536427251 0.03237025313162242 0.011915441371315793
0 0.8619394614649859 0.4056284318978294 0.07321842970247917 0.013540274285586164
29 0.3900862272991516 0.3495822811266732 0.01821702557190875 0.015263581921933422
24 0.42301700429452493 0.3493360943214807 0.04063798012195022 0.01280171387000877
27 0.47101186012820756 0.3503208415422506 0.04694387358914938 0.014771208311548562
25 0.5582433864244627 0.35056702834744313 0.12191394036585051 0.014278834701163631
3 0.9252694024004003 0.5516386544225104 0.03282651955671554 0.012255031450398307
13 0.1249327484138778 0.9164370255263947 0.16531950706507142 0.03276746377111863
21 0.9209168529650132 0.8927278291386997 0.013608168254955177 0.011037459723200116
28 0.9519292059678753 0.8933623160008805 0.011963916906099286 0.012443018635505183
