14 0.1976371725055479 0.2209865382055449 0.10150819454074934 0.012255031450398341
11 0.24326459328396552 0.2357646643663194 0.24813114221072066 0.012975915653362974
8 0.2970946964495144 0.26135605357156294 0.3537406779450356 0.03676509435119499
4 0.6341145898208719 0.15967454181120652 0.09151753076551408 0.013106985508447426
11 0.7799920894556284 0.21806676452274 0.3089101838128883 0.010832219428468938
8 0.6590472045214052 0.237564759493984 0.23803802194060467 0.024914104685478514
16 0.7350302414749466 0.29799590162154566 0.17795075426627732 0.013540274285586094
16 0.5759530520550925 0.30991134299285783 0.07395356021455687 0.013540274285586056
12 0.6610766812603894 0.3413247793354213 0.24266011945401458 0.05145304228522727
10 0.3394944447522811 0.33864029007999297 0.3152270504145482 0.011319669302749942
9 0.34203659838465666 0.3580028823083812 0.3220061267675495 0.02383088274263166
2 0.2200132240306379 0.32374598836584817 0.1067704525597664 0.013702757577013216
24 0.17213599728756804 0.3797485628110326 0.04660614992688213 0.013702757577013145
1 0.2442412757409118 0.5695803704160467 0.02737605965242718 0.012085534073085213
1 0.24233131809074254 0.5852468034737498 0.027376059652427186 0.012085534073085213
1 0.24360462319085538 0.599122787039144 0.027376059652427186 0.012085534073085213
0 0.29803841622068156 0.599570399412221 0.07894491620699938 0.012085534073085213
5 0.6087108227733684 0.1448377442610128 0.14097397415899907 0.013540274285586183
17 0.334493186257162 0.6396116135905899 0.1910609795022548 0.01343295623804252
19 0.20825646765745795 0.6424901042130277 0.05049468743988168 0.01343295623804231
14 0.5330601328112914 0.6391318651535172 0.07778911308306113 0.014392453112188263
