15 0.8327803112646032 0.0663548797893892 0.16619476927623325 0.02809598746874004
4 0.762328180810548 0.09636650276736151 0.08309738463811656 0.01915635509232276
11 0.6590900571725083 0.1503632796972786 0.22209116796579267 0.017445397711743506
8 0.6590900571725083 0.17347843166533874 0.22209116796579267 0.02704036645320242
16 0.23835067785953426 0.14949100981169144 0.24183260511830756 0.013956318169394794
12 0.22724611946124462 0.16606413763784775 0.21962348832172832 0.01570085794056913
15 0.2266291995502286 0.25678020573891397 0.21592196885563184 0.013956318169394777
13 0.16493720844861948 0.28992646139122663 0.09994102558460673 0.04884711359288186
2 0.4546427986617757 0.38337148807921806 0.12001896450676668 0.013480534595438201
1 0.41482342258710075 0.4063676941537891 0.03589352209548167 0.013480534595438201
0 0.48156294023338686 0.4063676941537891 0.08861213267322021 0.013480534595438201
5 0.46417701546838797 0.4277779549818379 0.1346007078580561 0.016652425088482446
