15 0.8232466728238935 0.06586852321644492 0.17582636185592426 0.018238370335004542
4 0.7533058244140562 0.09798391445851823 0.08761512102585656 0.014273507218699244
16 0.1399999772330599 0.1578533475147289 0.13479249388593326 0.01823837033500457
12 0.21750566121747156 0.19274414293821585 0.28755732028999104 0.04678538477240302
10 0.6499649124348408 0.15507794333331515 0.24262648899467984 0.011101616725654911
9 0.6859095774710896 0.18164252621256088 0.3167623606319432 0.03251187755370378
1 0.39270365150475134 0.426784736685207 0.04077472940049475 0.016573127826156338
0 0.46251493062984095 0.426784736685207 0.09390543740720013 0.013084048283807732
5 0.44150976699928307 0.45033602359606073 0.14085815611080035 0.013084048283807732
15 0.2523955749890629 0.2730904507818462 0.35881761872435436 0.013432956238042486
13 0.1253143350241874 0.3085918351252442 0.10193682350123702 0.05181283120387821
2 0.43292246766491893 0.4048264854218581 0.12169897568401027 0.015092885830314913
