15 0.8229474178248918 0.0800857969942296 0.160342594321834 0.017661506561465083
15 0.7683442937469646 0.15469043367400193 0.29381684107291567 0.009744267059281143
13 0.6500374548379872 0.18209622282338145 0.06413702887734807 0.037759082993477085
4 0.12090701085679328 0.08983007647641719 0.07887116693008152 0.01035328452691777
11 0.21841258482556394 0.15499494551354706 0.27908274727710924 0.010353296949824333
8 0.16337607478383165 0.17539702912651411 0.16727620546688832 0.023142666875922244
2 0.4576263682059432 0.2466520743928745 0.1005391263482754 0.01218034935273451
5 0.46542686745304246 0.2676631754734782 0.11614001420015559 0.011571316356464745
1 0.422524345644692 0.3066402949550921 0.03033508122577281 0.009135262014550883
0 0.4749607003349563 0.3072493124227289 0.069337328516052 0.010353296949824333
