15 0.8266297264718108 0.06816837047178924 0.17349419795530038 0.020062207368505024
15 0.7099888599205635 0.1441734880139899 0.1793317688097563 0.009847472207699024
13 0.664837953589029 0.17125403658516222 0.08775809963030631 0.038047051711564424
4 0.1259155654207368 0.07953825211455653 0.09233678308927881 0.012309340259623793
11 0.21860210905202052 0.1437930082697927 0.2763108281838268 0.009847472207699059
8 0.18082797051549732 0.15831802977614873 0.2007625511107804 0.011324593038853888
5 0.4672422035897735 0.2581318700595772 0.1169599252464198 0.01191544137131583
1 0.4249211780071874 0.29631544354493017 0.02923998131160502 0.010290608457045422
0 0.4760911453024961 0.29739866548777705 0.0669441677397272 0.012457052342739203
2 0.4595923266049459 0.23607350363243496 0.11246141760316788 0.012665358738725771
