15 0.7692871823306666 0.07928458005177617 0.19493676530219153 0.0440442948721621
10 0.2941777083013474 0.1982400369199829 0.35578040638978226 0.011699499740431125
9 0.2528991554999468 0.21959994683964293 0.2647717306914975 0.030567624368052385
4 0.22073804923428336 0.1772478439988273 0.08911509920227773 0.010926608062492953
5 0.383396540190923 0.2817014726989909 0.1541410788880102 0.010712829792286905
2 0.36756593415344 0.29219853119757294 0.12523016572109552 0.00888128651862011
16 0.45678052290003884 0.3134479185098746 0.30189553226421245 0.011102604660024395
11 0.4482548219842269 0.3243054191099391 0.2899869224271005 0.010654164259776326
1 0.3229803104519147 0.3331951545349787 0.03376993232928424 0.009271061386357573
0 0.3901574781812767 0.3330330345648813 0.09251634094474094 0.009595301326552863
10 0.46668249372797704 0.34475629693174326 0.31997060321168824 0.011655048599992425
3 0.5952584205446516 0.6462311300195518 0.0339789411670791 0.01343295623804252
14 0.5775993031704272 0.5210088582172798 0.10206475136055322 0.01439245311218826
19 0.2214725559919929 0.5175004184742921 0.11657647411296967 0.01308404828380758
17 0.3686781060065465 0.5198119336710977 0.060224475522141836 0.011950097432545083
13 0.3677827386979452 0.959902541076784 0.27232962226217217 0.025196786019694647
