11 0.32378728565580417 0.1535128431767883 0.37192970843489515 0.009376269922432172
8 0.3120254059873503 0.17382809467539126 0.3484059490979872 0.028575298811221714
5 0.3031245240760878 0.19302712356418092 0.16148742896147586 0.008929780878506826
5 0.617834277367153 0.15284310961090028 0.16148742896147586 0.008929780878506826
4 0.6493052526962595 0.11422180731135834 0.07565749624573073 0.009376269922432137
1 0.5542565494295638 0.2405037917983499 0.03467876069323033 0.008117982616824407
0 0.6192792257293707 0.2403008422329293 0.09536659190638332 0.010147478271030472
10 0.32147536827625545 0.25092863457868075 0.37192970843489515 0.009376269922432172
9 0.3180941891086649 0.260893458240832 0.35707563927129443 0.007874443138320223
11 0.44968526970256645 0.2892471116402159 0.3916388040955477 0.009822758966357554
8 0.7409666302486301 0.2885104047177391 0.14756390654314389 0.008349345121403893
8 0.20665940466113283 0.29980657752905043 0.13917164645538216 0.008349345121403671
29 0.24576522095025427 0.32804700955732796 0.028557427058985372 0.00785820717308596
27 0.3411682355687099 0.32804700955732796 0.04592341448215427 0.008840483069721744
25 0.4820829909859727 0.328293814193554 0.2247340114233656 0.011296172811311114
15 0.8274222846781043 0.08042094493255857 0.1537467981519754 0.049922622361810776
24 0.28685052207452055 0.3283566994467975 0.04487132967132762 0.009847472207699041
13 0.21318471039088316 0.9152182602809549 0.19503533776000373 0.0324397891334074
