15 0.8291724374272249 0.08343979149080191 0.1662839034406902 0.024275270915891083
4 0.12402889916378779 0.09412073623981689 0.08418811282828478 0.016573127826156303
11 0.16488489509516127 0.15736030294488706 0.17085234662210735 0.01395631816939483
8 0.18159871161254135 0.17306116088545623 0.1993277377257919 0.012211778398220473
15 0.6892035095477879 0.15779643788768066 0.13742471358734726 0.011339508512633269
13 0.6502046043405676 0.18570907422647026 0.06685526606952032 0.04099668462259725
5 0.4700668040976936 0.271627657956807 0.1151396248975071 0.013956318169394742
1 0.4254966267180134 0.3100075329226427 0.03095151206922232 0.012211778398220439
0 0.48059031820122916 0.3108798028082299 0.07180750800059585 0.013956318169394848
2 0.4606513541262361 0.2499262357844371 0.10636177607467559 0.01583169842340723
