1 0.5675544161140702 0.28503533955926375 0.026581801192368103 0.008370351376544178
0 0.6165208919947485 0.2852815263644562 0.06715402406493012 0.008862724986929074
5 0.5982707854091115 0.25366934014999715 0.08845094346760504 0.010485588406757956
16 0.23559989926294592 0.2529966566734626 0.21022421758367785 0.008878261945333463
12 0.22324922647990483 0.26649901338199056 0.18657399310551412 0.009248189526388942
23 0.7200321874423915 0.6712096244739143 0.28164642525211064 0.08881293380523964
29 0.5654393868231622 0.30691044387936656 0.019713776003909445 0.010295084580776291
24 0.5918304095380732 0.3066866376928279 0.030524556393150062 0.00895224746154458
27 0.627124427867653 0.3071342500659051 0.03624791071686566 0.010742696953853503
3 0.706550483173293 0.8663969331487406 0.022314722579909015 0.00866577554277498
3 0.6042105485826754 0.8788539854914775 0.046937864737050375 0.008665775542774957
15 0.8132458883438308 0.09030536139892517 0.15490553388866118 0.018317667597330677
