15 0.8255315674115269 0.072016315548043 0.14905431078263676 0.019427657217611596
15 0.756997887852036 0.14299729674251355 0.25102974025235497 0.009135258908824263
13 0.668833445819524 0.16979406997711954 0.07296364863485721 0.037150065525840346
11 0.25710999995140144 0.14330181013492194 0.27100783778661236 0.012180349352734545
8 0.2401720100897382 0.16492193023602575 0.23539462833388447 0.024969716173105835
2 0.4820378557575754 0.2297822905393371 0.09841406417058707 0.010718707430406376
5 0.48777071996325516 0.2502148265785491 0.10796874230111789 0.011388626644806787
1 0.4487561864412845 0.2873504697580032 0.026753337832780968 0.009378865585306385
0 0.500910619960607 0.28751876262390036 0.06819772572386426 0.009375667729862834
4 0.16173119262241945 0.0825902726584742 0.07765976462994151 0.009608831252790937
