4 0.9001130043038588 0.13712122531558918 0.09591498682977885 0.012687561972177068
16 0.2740277066844352 0.15729741339302136 0.18344417359124848 0.009399859834621794
12 0.2839005701936864 0.16736869178725905 0.20573773635407375 0.00895224746154458
11 0.6021267947887324 0.15655217535220284 0.14140488380992075 0.008504635088467313
8 0.6441660845700602 0.17691853832721677 0.22803129911689907 0.028647191876942663
15 0.29478563721353973 0.21460372734431857 0.22505033129604135 0.008665775542775159
13 0.21771360594777214 0.2346433332869861 0.07090626876450618 0.030330214399713
1 0.5438600265691244 0.2707925225951638 0.022226524134000343 0.006431485845822529
0 0.5881496445126104 0.2707925225951638 0.06373782656073629 0.0073502695380828695
2 0.5775467720268662 0.26136565829757896 0.08901819611196153 0.0089365810284869
5 0.5839052146062922 0.28102613656025005 0.10512625064650706 0.008936581028486863
