15 0.8272689143992115 0.07124679182858586 0.15192612960083074 0.017613575076110596
16 0.23980869430062024 0.15441637208669343 0.23365969396895342 0.011388612979609717
12 0.22845676893245698 0.17116435927930207 0.21473990288889339 0.011388619812208223
11 0.6581730724006499 0.1547513385264924 0.2195644557731812 0.011790578173447041
8 0.6597339571573313 0.1787009504413067 0.21644268625981844 0.028739534297777175
4 0.7628289382868984 0.09870994611058904 0.08121706547316233 0.011251109293513313
15 0.2271802744905849 0.26386731822994175 0.2118706581821462 0.012734001596040656
13 0.16463543074677792 0.2957023222200434 0.08678097069453221 0.04318487497787707
2 0.4562507896531474 0.3895463774604297 0.11179885829031612 0.01162669710942843
1 0.4140329951752083 0.4111388149493685 0.03361785351229628 0.009412088136203992
0 0.48165962743389507 0.4105851612943682 0.08443549913274837 0.011626688639265179
5 0.4640085048057641 0.43233815422111044 0.12960068603775315 0.013398374039110704
22 0.8958531546491837 0.6764290091957088 0.1135190846145449 0.08708951836984725
