15 0.8247056373298808 0.07471345284658018 0.16442267937344554 0.02097117681351585
15 0.7615376023163537 0.14975094488244156 0.2814693324867457 0.0111409376821803
13 0.6807196751666941 0.1795693369141594 0.11797559480467555 0.040631655076186955
4 0.12337498262952255 0.08638361967250283 0.08502027637750417 0.010295084580776291
11 0.1744505964234706 0.1510636075821622 0.18717150396540036 0.009847472207699041
8 0.1738161167490116 0.17232519530333057 0.18970942266323626 0.02461868051924757
5 0.46771377729368896 0.2646491936540017 0.11669350172649637 0.011915441371315793
1 0.427408455973682 0.30418679456791325 0.028405655025528772 0.01191544137131583
0 0.4761587017607378 0.30337437811077805 0.06602395492420193 0.011373830399892385
2 0.4615375590218025 0.24195153580125386 0.11220524125327451 0.01583169842340723
