5 0.44218522541225913 0.45872748044810985 0.13863069300224984 0.012909189018927378
1 0.3915700416730259 0.435843009005466 0.0399768434134527 0.014082751657011698
2 0.4347481721212978 0.4119204859675934 0.12326193385814584 0.014082751657012027
15 0.8263620172916626 0.07744508898197773 0.16750958331863144 0.02110893123120964
4 0.7603114905359419 0.10862873739171924 0.09260692411111321 0.014392453112188406
16 0.24411801051919654 0.1642795560921804 0.3267558379502004 0.016311446860480142
12 0.2012652795416482 0.18346949357509884 0.24922157518137833 0.016311446860480174
11 0.6248710988883539 0.16523905296632646 0.18943010419829912 0.01631144686048017
8 0.6894391532210886 0.19210496544241124 0.3103950136774938 0.035501384343397925
15 0.20262714607269394 0.2779799356784693 0.2492215751813783 0.01727094373462606
13 0.12840542013069875 0.315880062207232 0.10350185635947952 0.05469132182631583
0 0.45766394935162114 0.43679375272601645 0.08368939481296309 0.0178731620569738
