15 0.8248335042077903 0.06702201706438088 0.16059944733015072 0.02299620607457098
4 0.758105564824136 0.09517254519014877 0.08595463378233432 0.012687561972177104
11 0.6987290085929183 0.14830171094864034 0.31102005644923575 0.01427350721869919
8 0.6642340568776395 0.17328034858136399 0.242030153018678 0.029339987060659548
16 0.2503940862775995 0.14962885820411337 0.279559042611293 0.01370275757701318
12 0.23722337150411918 0.16511893198682392 0.25491706013187815 0.01251121343988162
15 0.252818447749803 0.25662992456966527 0.2840923910811064 0.012085534073085213
13 0.13694705678076746 0.2902008525504574 0.04979596967264339 0.0461040744269545
1 0.40937006626942407 0.4052147996127626 0.034583747824558204 0.011796286957602646
0 0.47573347425708973 0.40587014888818485 0.08879610927927097 0.011796286957602646
5 0.4565722085705102 0.42815202425254556 0.12898803242673046 0.01441768405929217
2 0.4470851107446475 0.3845675835039382 0.11440561756428685 0.017942591546528205
