15 0.8237628443344766 0.07576183475375042 0.16358024378642597 0.019189937482917863
4 0.7576491624707962 0.10694548316349194 0.08587962798787373 0.014392453112188406
16 0.1619444413485617 0.16499504404931842 0.17039608727752703 0.013432956238042486
12 0.2328292136560129 0.19953693151857052 0.31216563189242946 0.0479748437072946
10 0.6792669623231338 0.16451529561224545 0.29444443881556687 0.012473459363896601
9 0.6267849674416555 0.18946221434003868 0.18675411165616965 0.03166339684681446
5 0.4407124401345958 0.4571618422267427 0.1417695446149024 0.014392453112188335
15 0.18805531814083437 0.2805345782497331 0.22306396879967175 0.017445397711743454
1 0.39083533400244347 0.43292041372895435 0.03639608200102409 0.013702757577013216
0 0.4610882364695365 0.43411195786608586 0.09056699474673444 0.01489430171414483
2 0.43335132916420677 0.4114616052507667 0.12895575885163246 0.016887144984967718
