15 0.7383488890960611 0.15053014901403133 0.2618268001722794 0.012802501506374287
5 0.453587923065121 0.26239012818587154 0.11679278691964408 0.012802501506374332
15 0.8103070947933664 0.07513829282184975 0.16739142496155296 0.022584814245640947
1 0.41277259683232165 0.2998706901998871 0.0303171784460318 0.014936251757436575
0 0.468535664910832 0.299759659937294 0.08203550656033935 0.010668751255311821
2 0.4464102639467498 0.24015115498154316 0.1064146610746429 0.016781945724605726
13 0.6447795568599648 0.1807426197229138 0.0816484628388119 0.04636006309265385
4 0.11323788658755361 0.08125406614664037 0.0898593850180063 0.014894301714144752
11 0.19699953226035544 0.14561609721749189 0.25666588344967517 0.014298529645578994
8 0.19347918344293022 0.16648766094114364 0.24997722069656725 0.025950282299347573
