21 0.8919496513700677 0.10815868716242318 0.011407074928673211 0.009822758966357465
28 0.9274383289259398 0.10771219811849782 0.008872169388968273 0.010715737054208141
5 0.6799681756122237 0.14209185450074902 0.12737900337018396 0.01160871514205887
11 0.6714128694157189 0.19254511646431247 0.291514137066093 0.010715737054208176
16 0.6691948270684768 0.23205939685170512 0.2807407885223462 0.011162226098133523
4 0.19423713697990772 0.14253834354467437 0.09062287304445933 0.00982275896635752
11 0.24398465819662146 0.1943310726400138 0.2965839481455035 0.010715737054208176
8 0.23986543669460056 0.21888797005590754 0.2883455051414617 0.03214721116262449
24 0.22687404580361165 0.2840753704690073 0.0659075440323341 0.01071573705420808
1 0.7781957652757987 0.30372088840172223 0.032953772016167025 0.011608715142058834
0 0.8713535438599633 0.3017116877040583 0.062105185722776284 0.010269248010282693
14 0.8808543450641215 0.8626035190607684 0.10379590677230013 0.009728160987103393
21 0.9020420416300269 0.8510303620243866 0.00809417621618863 0.010063614814245057
28 0.9291813383548942 0.8510303620243866 0.006189664165320607 0.010063614814245057
15 0.24417028841168126 0.08029217989519116 0.1993277377257919 0.0174453977117435
13 0.29809979376490126 0.8852637175623069 0.4031370497611104 0.03532332594526525
