16 0.46514695740376794 0.07727367661479631 0.2534817827268996 0.02061728820478779
4 0.8022416776881124 0.13198878761981003 0.07548124196756546 0.012687561972177085
11 0.391673608563707 0.1648414467967335 0.22066182738760406 0.027524669567739544
8 0.39632892137779147 0.2172693888305231 0.22811032789013924 0.02752466956773958
5 0.33994297693831926 0.13187753207731392 0.11849887163124116 0.013106985508447409
1 0.08637604469206833 0.42939883657769085 0.03154840088883692 0.013540274285586235
0 0.27104961087062596 0.4288572256062674 0.07463889966383373 0.012457052342739274
23 0.5840496287524505 0.7226964255927417 0.19043466714136342 0.13615260644130148
10 0.7212478004986203 0.22878538112168895 0.2113512017594352 0.025558621741472436
9 0.7254375820312964 0.2576207492402733 0.22159288995042106 0.026869320292317197
2 0.16201814986419827 0.32579786300587094 0.08813965658522069 0.011324593038853834
1 0.08358285700361763 0.3913885786031934 0.03154840088883692 0.013540274285586235
24 0.12972521688542124 0.33900165204394206 0.0655468044223094 0.012975915653363045
15 0.7613883359627204 0.8601577604985121 0.22853353814596503 0.02085202239980276
13 0.7482688180321188 0.8914357940982162 0.3394146251723407 0.039320956525342295
