4 0.6295172145461082 0.14223349266867033 0.1000315150133855 0.010832219428468957
5 0.6441372052019106 0.17093887415411296 0.12465465717052644 0.01191544137131583
16 0.16946276306511251 0.23319241034392127 0.23699774326248224 0.009748997485622048
12 0.16638487029546994 0.24835751754377783 0.22776406495355442 0.009748997485622048
11 0.5876122204911751 0.2308961739423646 0.1884660110637671 0.009766088139866796
8 0.5919480949788384 0.2528698722570649 0.1982939932358041 0.024415220349667022
24 0.07444673212128704 0.35488654701719696 0.044629445159818114 0.011915441371315935
1 0.18420159020240712 0.3550785727252472 0.03287749094845534 0.012309340259623767
1 0.7199268886029525 0.38290398207547804 0.03287749094845534 0.012309340259623769
1 0.7212900573011725 0.4040129133066878 0.03287749094845534 0.012309340259623769
0 0.7849682892716349 0.4023033817688011 0.07440360620830319 0.011637921700007966
3 0.6564702221914955 0.580070206252412 0.40331768096102244 0.011101616725654895
21 0.8451902901982844 0.8661740809576276 0.011340571695578028 0.011542769297536398
17 0.6664743032164507 0.8084751995501438 0.1759726864975187 0.012211778398220342
19 0.5586600516299424 0.8080390646073483 0.032220351048841495 0.01308404828380759
5 0.11600565621854038 0.8201636160170099 0.13222736372736094 0.013432956238042238
10 0.8589120397342075 0.06813541239711243 0.17312242467396757 0.023027924979501416
9 0.1306423228204215 0.9181658747880213 0.1638670110557735 0.030801415944851415
10 0.23036311755650551 0.16417497556072708 0.36433781570613055 0.02093447725409222
9 0.23532009464094267 0.18903466729996157 0.3717732813327863 0.020062207368505013
28 0.8750288447078418 0.8670712398268873 0.014715695230857478 0.01146775501272245
