21 0.7509247045281827 0.14430582035544315 0.011417876009661244 0.014392453112188362
4 0.2012316793699856 0.17213122970567368 0.14412539198120597 0.012473459363896601
16 0.21951961774921971 0.20591274817811694 0.29996212245741466 0.0111409376821803
12 0.1735501903137955 0.21836438441114198 0.2024512157762118 0.0111409376821803
11 0.6082962527598872 0.20613425623320972 0.22288207241417815 0.012451636233025063
8 0.5734709289451719 0.22415636130732486 0.15137407418129592 0.0222818753643606
10 0.22401597173351018 0.28638722036538566 0.30730709984379095 0.01191544137131583
2 0.3408238357333474 0.3253805022530166 0.10401163379328317 0.012451636233024956
1 0.5080724245722584 0.3584691954912864 0.033770010971845184 0.010832219428468974
0 0.5875087003810306 0.3600940284055568 0.08979752917513366 0.011915441371315793
13 0.2762362144078893 0.9022320556602074 0.41779058738977354 0.03663533519466156
15 0.22883305160789574 0.10997108383036226 0.19171396480518893 0.01727094373462606
28 0.7811578758865665 0.14451303644846497 0.014677963924652175 0.013317392918000177
