15 0.8278377393848757 0.07882484482206814 0.14562341411714072 0.047015346833148744
11 0.3732749327014649 0.15078711038301007 0.4096509126099002 0.010554465615604797
8 0.358304301343628 0.16661880880641733 0.3797096498942264 0.019189937482917897
5 0.696504473382034 0.14982761350886414 0.17692564331989036 0.010554465615604757
1 0.6258017019955858 0.23452898426249522 0.037117267829347614 0.011101616725654963
0 0.7050976832673739 0.23373601163923413 0.11922516333063186 0.011101616725654963
10 0.37554133557043884 0.24444114205325856 0.41391377458181616 0.007136753609349639
9 0.32886355936080464 0.2555427587789135 0.31380962801175727 0.011894589348916042
11 0.593745879779331 0.2813143690348982 0.5961258166531591 0.009515671479132841
8 0.4053476264030968 0.2916230131372921 0.4712768248635351 0.011101616725654963
29 0.29422247488439995 0.318866225127809 0.036252778495981915 0.010485588406757885
24 0.34488340893647723 0.31821087585238655 0.04833703799464246 0.01048558840675792
27 0.40344558958383253 0.31886622512780893 0.04833703799464246 0.013106985508447515
25 0.5531044956826298 0.3169001773015419 0.2361078394353693 0.011796286957602611
13 0.27804248801827386 0.8900875767163121 0.2791463944190607 0.02955625232154887
4 0.7292913932979579 0.11326998391548036 0.0841324737465213 0.013084048283807626
