15 0.81722781987259 0.06554693159413469 0.17258042287123446 0.02974440309852266
4 0.24475939272330982 0.1376897786479193 0.13578800050802012 0.014417684059292118
16 0.24731179874789666 0.177698851912455 0.24911482799967602 0.013696799856327537
12 0.2595633476659135 0.19824405169694628 0.2674921513767013 0.024510062900796614
11 0.7450284856174062 0.1908298388539685 0.2514436348188033 0.029192831359723746
8 0.7370126650443237 0.2316402255507252 0.24216215836576027 0.03336323583968433
15 0.2540323018076445 0.27201412616962983 0.26080181768881355 0.012998663314162719
13 0.16850464688910713 0.2993654802265138 0.09434889286977664 0.041704044799605315
2 0.6783274250941999 0.34460516144757153 0.13027480349491272 0.012687561972177122
1 0.636774255013926 0.35848218235464024 0.04716846333436507 0.013480534595438201
0 0.71594988989661 0.36006812760116236 0.10444445452609358 0.013480534595438201
5 0.6861888356499273 0.37235920326170896 0.14599762460636753 0.01427350721869921
