15 0.24904614890465052 0.2709033932250616 0.35042467388444626 0.014547041277548778
5 0.44176138589252234 0.4493047342479515 0.14516582351137447 0.014547041277548568
15 0.823142625481837 0.06768038530007922 0.17176085296596877 0.022148679302847224
1 0.38926679510033046 0.42761946558737046 0.030317178446031795 0.014936251757436575
0 0.4580600595502641 0.4269418009417273 0.08888158541342901 0.012413291026486141
2 0.42925535162709016 0.4048437652035159 0.12432555725984001 0.01678194572460572
13 0.12771904698634948 0.30940242784702215 0.09991905540912255 0.05944411137646103
4 0.7568380332816177 0.09817610192703154 0.09905934809868137 0.014894301714144756
11 0.6496410569920288 0.1561914684749827 0.23494243504504012 0.014298529645578994
8 0.6881385698446283 0.18195783593676418 0.3176390647121589 0.03255358159850328
16 0.14354146395341993 0.15743012882227167 0.13187032405783405 0.01744539771174349
12 0.21625500712549658 0.19232092424575867 0.2772974104019874 0.05059165336405616
