5 0.5954781875774263 0.14271786637005174 0.14018164901500277 0.010308644102393866
4 0.6195894312080067 0.15818083252364257 0.09420206813808185 0.011101616725654946
11 0.7283703908436489 0.21765377926822269 0.23774807672944454 0.011101616725654963
8 0.6184679780158868 0.22994485492876926 0.18616122989192355 0.010308644102393884
16 0.7306132972278888 0.296554555282699 0.20410448096584388 0.010308644102393849
12 0.6779049971982479 0.31598238455259514 0.307278174640886 0.025375123944354244
10 0.1490118694994656 0.2326344505745199 0.083599237958038 0.012255031450398341
1 0.22607998541731214 0.599728224216672 0.02785336799200305 0.010339845818084044
0 0.2807422201016181 0.5997282242166719 0.07868576457740868 0.012309340259623767
2 0.20322862602279826 0.32291522628403013 0.11438822559624223 0.011101616725654892
10 0.32486931721710527 0.33689494973696443 0.31604589959746066 0.011796286957602646
9 0.3234790859872044 0.3565554279996356 0.313265437137659 0.023592573915205292
1 0.22703119667310076 0.5708066133341464 0.02785336799200305 0.010339845818084044
1 0.22655559104520648 0.5849311209744497 0.02785336799200305 0.010339845818084044
21 0.46976664152261693 0.9381708873174613 0.012606984457198538 0.017909233347670014
19 0.31874951934308177 0.6408004712514994 0.1926880874700621 0.014392453112188263
17 0.19051695409011785 0.6417599681256454 0.0529213761361439 0.014392453112188192
14 0.5127945651756092 0.6408004712514996 0.07327575157312233 0.012473459363896567
27 0.15680332357466928 0.3784234058350235 0.05418334741323647 0.01857585948346447
14 0.18142195016560803 0.21653137669481903 0.10565757347246482 0.013106985508447409
28 0.490057702842112 0.937931624484346 0.009957579057141074 0.014081885257009503
