16 0.8470776586450396 0.07263377349198963 0.16384536573745734 0.018317667597330677
4 0.14871489546793604 0.08634560574999682 0.09232458625326301 0.012451636233025027
11 0.22052290699825172 0.14958681082825553 0.23967089562715743 0.01048558840675792
8 0.18974804491383068 0.17186868619261617 0.1762560283016839 0.02490327246605009
5 0.4907020051927266 0.26401263286317783 0.12030173360273665 0.012451636233025027
1 0.4478037125902004 0.3030059147508089 0.03077486208442103 0.011796286957602717
0 0.4986288636084108 0.3030059147508089 0.06714515363873673 0.013106985508447409
15 0.7508369099192691 0.14823518961670434 0.22505033129604116 0.012998663314162684
13 0.6841696028743801 0.17937782047355252 0.08863283595563268 0.043870488685299185
2 0.4813640307561718 0.2422898536660221 0.1066360255341285 0.01794259154652817
