15 0.8129333378450369 0.06809498363267098 0.14535397930132446 0.051716881516463614
11 0.16145688592874868 0.1616082626622906 0.10357739003866452 0.011894589348916042
8 0.1817220274580526 0.18262203717870895 0.14185599070512744 0.026961069190876295
4 0.6817881503740998 0.14282989763132353 0.09211427967865418 0.013106985508447409
5 0.7259843956744644 0.15757525632832686 0.18050677027938306 0.015073033334714499
2 0.6952796357815795 0.1883766722731783 0.11537546141568818 0.012451636233025063
1 0.6557356268286219 0.20508807879644875 0.03814833804873558 0.013106985508447409
0 0.7241235011355016 0.20508807879644875 0.09490562148709827 0.013106985508447409
11 0.5915347652344084 0.233923446915033 0.1851590066267898 0.011796286957602717
16 0.6166568415104049 0.26308648967132847 0.23726405371774567 0.015073033334714553
1 0.27755533414792494 0.4270483248892514 0.03814833804873558 0.013106985508447409
27 0.6945231559522489 0.35834123583894795 0.03998616364713257 0.011915441371315793
29 0.7245127786875984 0.35752881938181275 0.016917223081479308 0.012457052342739274
24 0.7595006718788394 0.35752881938181275 0.04690684581682873 0.012457052342739274
27 0.8110213058087987 0.3577996248675245 0.049982704558915854 0.014081885257009645
25 0.8575436692828666 0.35752881938181275 0.03691030490504559 0.014623496228433055
25 0.7129783084047716 0.37161070463882234 0.16302051333061762 0.011373830399892456
14 0.6955739628046519 0.6756769112760739 0.1471249275027465 0.01631144686048003
13 0.21597001429337656 0.9724915855087397 0.37357457869676414 0.012255031450398236
0 0.3447524299821119 0.42773422550943363 0.09518475566794266 0.01441768405929217
