15 0.7775878507851803 0.11654920604163461 0.16187795569763622 0.02974440309852268
16 0.2916397101544813 0.16270922376796587 0.311718468377091 0.013696799856327555
12 0.25637975225608906 0.18217309724801026 0.2411985525803064 0.02378917869783212
11 0.7183208534456624 0.17089012035541906 0.2398808969491771 0.02680974308546059
8 0.7124082961264926 0.20782798860649812 0.23481299067560307 0.02680974308546059
10 0.2569158522747286 0.2525774593621533 0.24157019904036858 0.011140937682180474
9 0.16353967918412465 0.2781360811036258 0.05110138825853955 0.03866560724991981
2 0.6573008039772867 0.31535328125945644 0.12029266796060199 0.011101616725654892
1 0.6144403234509731 0.32746551943910696 0.030016524760838763 0.009847472207699041
0 0.6723791968265455 0.32795789304949197 0.08446510455956932 0.010832219428468974
24 0.6270053803276032 0.3422367277506555 0.06073110823704582 0.011816966649238907
