15 0.756618441843058 0.13139223615702558 0.18664609081614159 0.033146255652312655
4 0.22140150592657298 0.19942928723282521 0.08528861103519045 0.012211778398220473
10 0.30978028402825586 0.21905535965853665 0.3658757806727011 0.009594968741458949
9 0.19049983526164893 0.2308310031139635 0.12484274948629327 0.008722698855871762
16 0.41058889675087956 0.2892795197866443 0.2095275680753116 0.009748997485622038
11 0.4274739022368025 0.29984093372940185 0.2448325795458774 0.008124164571351556
10 0.4586468501859352 0.31906586812969917 0.3008907977591404 0.007864191305068395
3 0.7110862153240685 0.680226512934889 0.03000831991103922 0.013797723644742653
19 0.2251462013732915 0.5602497550354899 0.11012231727863857 0.009515671479132806
17 0.3667320378743981 0.5602497550354899 0.051690067294054814 0.009515671479132806
14 0.5701212157053529 0.5590602961005984 0.09663795189758083 0.010308644102393743
29 0.32171045344542726 0.329147554268856 0.03146751022376481 0.010290608457045493
24 0.359317965664073 0.32968916524027947 0.03914251271736596 0.010290608457045493
27 0.40229797962823954 0.32914755426885606 0.03760751221864567 0.011373830399892385
25 0.5132017656607765 0.329147554268856 0.17652505735282695 0.009207386514198532
13 0.4141676485894341 0.9021213738478931 0.3287510568109127 0.022937224639782983
