15 0.825243265476022 0.07284743534363707 0.16579547957979798 0.02110893123120964
4 0.1237685704921521 0.08617919689518752 0.08465257821398275 0.01017300847902792
11 0.21936263840726192 0.15108299099138564 0.2758407140442023 0.00976608813986683
8 0.18337089596934406 0.17183592828860259 0.2073124364424067 0.024415220349667005
15 0.7323216721783907 0.14975503486017397 0.2184923207350686 0.010088934028788011
13 0.648818666432117 0.17757603475774095 0.05235162536424418 0.038827109747153886
5 0.46790206986945093 0.2653815139184667 0.11936165384531272 0.012975915653362974
1 0.4255643892320109 0.3032279345741086 0.030605552268028764 0.012255031450398307
0 0.479634198238862 0.3039488187770732 0.06937258514086544 0.01225503145039827
2 0.4592982880251163 0.24241919086350017 0.10306205487392844 0.01477625186184678
