21 0.8383423157441926 0.17266934011197654 0.034524392591076994 0.01583169842340723
15 0.6702235344311228 0.08295638237933574 0.11257954105785935 0.020053484669649145
4 0.2018926436304278 0.1700307237080755 0.09456681448860194 0.01477625186184678
11 0.5348165086823738 0.39454372530832726 0.23767032778233094 0.011140937682180298
8 0.5599816022122677 0.41354885429557614 0.2898645958443329 0.024247923190627674
16 0.5387087365409272 0.4460137071964872 0.24605869229229568 0.010092378841504513
12 0.6176525669847053 0.4853018962580583 0.4039463531798519 0.06415869406385014
1 0.43058476973187104 0.575691343814679 0.034735285395262425 0.011339508512633288
0 0.5223851668479217 0.5761274787574726 0.1042058561857872 0.010467238627046101
10 0.28631799532951996 0.07935329144119904 0.3750170276781366 0.011339508512633283
9 0.20797752130413358 0.09330960961059405 0.2381848141389421 0.011339508512633288
2 0.47772182331648566 0.22397549711228035 0.16003042199960185 0.010467238627046101
5 0.44492178953610206 0.6276477498734657 0.0669894789765774 0.012211778398220402
24 0.19433151632742338 0.6402956632144798 0.04714074446499897 0.011339508512633217
29 0.43065551160590504 0.6416040680428604 0.03597583130223597 0.010467238627046172
14 0.4039341527696924 0.10632943784789468 0.08232713746279728 0.013480534595438147
5 0.47742567553237875 0.21010368037087346 0.1578876608875563 0.01268756197217705
28 0.874343977313632 0.03411310508905813 0.013533228076076398 0.015859452465221358
21 0.8388192536139317 0.03371661877742759 0.019172073107774565 0.018238370335004573
