15 0.8198214378630436 0.07912578318427102 0.16619476927623325 0.02809598746874004
4 0.7477494482337929 0.11029839737995985 0.08309738463811656 0.01915635509232276
11 0.6598999867601054 0.1677781479630257 0.26906708404644725 0.017445397711743457
8 0.639651747070168 0.19321528236651953 0.2318103230169627 0.03168433132406862
16 0.2043336351804399 0.16806686929515588 0.24183260511830754 0.013956318169394794
12 0.204568091008515 0.18463999712131204 0.24878095347523776 0.015700857940569128
15 0.18613272017035443 0.2811610213109611 0.21592196885563186 0.013956318169394777
13 0.1276804474191352 0.31430727696327376 0.09994102558460673 0.04884711359288186
2 0.42786826684037116 0.4150348849260324 0.12001896450676668 0.013480534595438201
1 0.3853714375835557 0.43899058787474937 0.03589352209548167 0.013480534595438201
0 0.46415949454947386 0.4370715941264566 0.10735430494820347 0.013480534595438177
5 0.44074930012465885 0.4613603455769436 0.1466492471776883 0.016652425088482442
