21 0.7785317920474394 0.13149906293513583 0.015373953791126119 0.014392453112188362
4 0.196728099138861 0.15629953128226642 0.14412539198120597 0.012473459363896601
16 0.21839174892098917 0.19322518620593981 0.29996212245741466 0.011140937682180298
12 0.17185838707144974 0.20488384981570376 0.21034629757382567 0.011140937682180295
11 0.6308536293244983 0.1942396668842936 0.24092797366586705 0.012451636233025047
8 0.5926446990250912 0.2122617719584089 0.16265276246360158 0.025453765857404827
10 0.2234520373193949 0.2760785762629916 0.31520218164140473 0.011915441371315817
2 0.3453353110462695 0.31745077602040594 0.10401163379328317 0.012451636233024956
1 0.5234794162836242 0.35251147480562833 0.033770010971845184 0.010832219428468974
0 0.6013749929212601 0.3530530857770519 0.08979752917513366 0.011915441371315793
13 0.2752108791094979 0.9159288555165327 0.4300946109704704 0.03663533519466152
15 0.2356873654288531 0.09254636964426294 0.21316946427323025 0.017942591546528205
28 0.8092607321408756 0.1303206503595857 0.016107309516428216 0.01378646109077863
