15 0.7040884289467608 0.16104100113535616 0.18847418311729217 0.012802501506374303
5 0.46688673149761484 0.2746994684454952 0.11679278691964408 0.012802501506374332
15 0.8078950219567613 0.08805660982739584 0.16739142496155296 0.02694616367357681
1 0.42397124788533747 0.31365715129066574 0.030317178446031788 0.014936251757436575
0 0.48183447334332574 0.31305374741768766 0.08203550656033935 0.010668751255311821
2 0.4583088968691334 0.2529528688515519 0.10641466107464291 0.016781945724605726
13 0.646770081067008 0.19019802528267823 0.07688103886519024 0.046360063092653725
4 0.1211357106329624 0.10755300319709366 0.0898593850180063 0.014894301714144752
11 0.20692001690419018 0.1552110659589508 0.25666588344967517 0.014298529645578994
8 0.20339966808676457 0.18282527589819117 0.24997722069656686 0.041180114501699915
