15 0.826809980183972 0.07718237923117656 0.1712410265532833 0.01982431558152669
4 0.7552717881699358 0.10890128416161929 0.08449392757563316 0.013480534595438165
11 0.6616516532071165 0.16655503597109772 0.2560247167475457 0.012309340259623802
8 0.6661985402531795 0.19191227690592264 0.2637194486716525 0.02954241662309709
16 0.23537987524410284 0.16718678386611124 0.30625033057944145 0.012998663314162719
12 0.2346104020516922 0.191830083065878 0.3062503305794414 0.028705381485442664
15 0.15863654703981658 0.28018159487573974 0.16166631772547901 0.014894301714144796
1 0.3926480577949149 0.43650173765888295 0.03631143994985891 0.01441768405929217
0 0.4573569059106891 0.4368294122965942 0.08565775577915431 0.01376233478386979
5 0.4419943736242103 0.4581282637478212 0.14059044698535103 0.013106985508447409
2 0.4356005575162702 0.4127200717396164 0.13345421555575918 0.014776251861846746
