5 0.3689157022245078 0.3091750770033121 0.14903826374157197 0.01161827011703471
29 0.31206301268430175 0.35063199503619535 0.042692798920002065 0.0119132964616642
21 0.8712054138728245 0.030698455152587293 0.01842111202581784 0.02426310999226429
15 0.8349164853617 0.11672343038158005 0.20158343970895118 0.029552503723693474
4 0.8030550793966788 0.22053068352006322 0.12432677914700321 0.01585945246522133
10 0.30235723246829327 0.21934122458517166 0.35715692918593633 0.011894589348916008
9 0.30122698902150236 0.23837256754343727 0.35941741607951827 0.026168096567615217
2 0.35830428308444473 0.2968939471401041 0.1254570225937941 0.011894589348915971
11 0.3927767082115684 0.33614609199152695 0.19214138595445945 0.01268756197217705
24 0.35547867446746734 0.35041959921022625 0.04294925097805567 0.01427350721869921
27 0.4012535340625004 0.3508160855218567 0.035037546850519095 0.013480534595438201
25 0.4843264274016343 0.35200554445674825 0.1198058053598394 0.015859452465221368
3 0.578159238354218 0.7602626589708159 0.03978456932704105 0.017445397711743454
13 0.44083789349944397 0.9228885398056914 0.6850405530999876 0.01657312782615648
28 0.9102354479076878 0.031532620226604066 0.018104130455622567 0.019758291704541714
