15 0.2513932736690285 0.09378510238406941 0.17051287983568714 0.019247332042320833
4 0.18782339195815057 0.19983823039521645 0.07795696735637198 0.01048558840675792
10 0.25000335401620916 0.23129499561549027 0.2784177405584715 0.011796286957602646
9 0.23237023044750602 0.2575089666323851 0.24686372996184475 0.032767463771118555
16 0.39478057910661435 0.303383415911951 0.13364051546806643 0.009174889855913193
11 0.4110216139725253 0.3151797028695536 0.16983482174066766 0.01048558840675792
5 0.6309716290137177 0.24407430648622647 0.13085633806248148 0.009830239131335503
1 0.3412533485537713 0.4166994247956015 0.03526624713740638 0.011140937682180265
0 0.41132181326098677 0.4170270994333126 0.06589219859883819 0.010485588406757956
2 0.372823957066186 0.3264114103680966 0.09027484315077715 0.009532353097052635
1 0.34209703867667585 0.3708249755160356 0.03526624713740638 0.011140937682180265
1 0.34209703867667585 0.38274041688735155 0.03526624713740638 0.011140937682180265
1 0.3404096584308668 0.39346431412153565 0.03526624713740638 0.011140937682180265
29 0.33946921645573797 0.3376551318176763 0.026154393810038173 0.009532353097052635
24 0.3715294411261074 0.3379530178519592 0.0329039147932739 0.010128125165618443
27 0.4056988911037381 0.3379530178519592 0.035434985161987315 0.011319669302749986
25 0.4968174243774197 0.3379530178519592 0.14173994064794918 0.010128125165618443
14 0.5740869347559643 0.7591124953590392 0.09017300975294247 0.008722698855871869
17 0.26465763416538735 0.758240225473452 0.06670332228299855 0.012211778398220473
19 0.8699285215481527 0.7486452567319932 0.017293453925221768 0.012211778398220331
19 0.1621321573230008 0.7573679555878686 0.11364269722288643 0.012211778398220385
18 0.3580721930372545 0.7588740045141446 0.08759022117969507 0.009515671479132664
28 0.8700254544501922 0.9059030812666906 0.0114097837808265 0.010742696953853397
21 0.8440365025049759 0.905679275080152 0.012677537534251826 0.010295084580776149
13 0.2532820317018701 0.8476134678925413 0.30541582449141413 0.02800128722259231
