15 0.7963987788909757 0.09125092004403455 0.16239645542781986 0.029024780442913255
4 0.12712853833996005 0.10402182343891639 0.08693951654216621 0.015092885830314895
11 0.21588975881927014 0.1646322497629334 0.26553327783947883 0.014273507218699227
8 0.19068090332818038 0.1856460242793517 0.20615241823824515 0.026168096567615286
15 0.6988510958597643 0.163926504128231 0.199284405608895 0.013432956238042503
13 0.6419126942572229 0.19319115878968074 0.08269624994654827 0.04509635308485691
2 0.4500845079058036 0.2512407196755072 0.10574274583329128 0.01343295623804245
5 0.4582185652775952 0.27378889621793573 0.12201086057687455 0.014392453112188406
1 0.41686687541566586 0.3123846760025593 0.030556188474048226 0.015859452465221437
0 0.4698309354373494 0.3116637917995947 0.07129777310611239 0.01441768405929217
23 0.5938133016653617 0.6971099719146915 0.10170283067196806 0.05921055210354311
