4 0.7155961789046029 0.08287958332745265 0.09880616696172356 0.01583169842340723
5 0.3180323358484761 0.2878473055824981 0.12466790451324455 0.016887144984967704
0 0.29310269162574865 0.3604921375468817 0.08165798922456481 0.014828588054982035
1 0.522611131037215 0.36092827248967524 0.03835451009032589 0.019189937482917755
11 0.35310894128319403 0.31208115889679344 0.194247034973586 0.013956318169394777
8 0.5931339399129754 0.3116450239539994 0.2610581170664117 0.0139923623795425
16 0.44466486859558485 0.335859524331581 0.37735888959836755 0.013271478176578554
12 0.6775067045118351 0.33549908223009867 0.06605442153652503 0.013689591014297826
3 0.3336176458503196 0.7809889055499769 0.03003714669672829 0.01372468545202896
22 0.24524616097110968 0.8962872684475499 0.219115604419249 0.07196226556094203
10 0.692466553456745 0.13815791647945783 0.4166326706886004 0.020897841918897538
9 0.6257723907575817 0.20259292906272525 0.2733637285941014 0.06849848184527524
