15 0.20704441660828607 0.06385063084685305 0.17965249554262638 0.02220323345130991
4 0.2245577101989194 0.15821437301492014 0.09265097254399596 0.015859452465221347
10 0.36692383874213275 0.1927086821267766 0.47003420217441855 0.013480534595438165
9 0.2550647377438937 0.22601353230374152 0.2485757799960868 0.04837133001892518
2 0.3617965010520233 0.3265674781281156 0.09347271065968553 0.012255031450398307
5 0.26472868613619616 0.3431478147963016 0.11504333619653599 0.013696799856327501
11 0.30222048766453147 0.3597281514644876 0.1674291410717444 0.012255031450398236
16 0.4028834068365005 0.37702937233563816 0.34615718123421985 0.012255031450398236
1 0.40461896074318404 0.40970563612977406 0.03310721747096302 0.012511213439881602
0 0.4636177200824642 0.40970563612977406 0.08149468915929341 0.011319669302749986
3 0.705637611190141 0.5787244423479266 0.030869200439126415 0.013540274285586023
13 0.15056573961335698 0.947646110327783 0.2406665506325749 0.014273507218698996
