15 0.8230510451505859 0.07896608385193084 0.16370980510205568 0.019189937482917845
4 0.1245558767151475 0.09239904008997334 0.09549738630953261 0.013432956238042486
10 0.19481466807144648 0.1542865884723834 0.23601496902213054 0.01055446561560485
12 0.21800689046090432 0.18594998531919782 0.26875693004254164 0.03933937183998161
5 0.46561797067776384 0.2679869680586717 0.12278235382654187 0.011513962489750753
1 0.42362513855970535 0.3074500649673543 0.030033223049145973 0.010832219428468903
0 0.4798411714465683 0.3069084539959308 0.07315785101715036 0.009748997485622014
15 0.7479215444667282 0.15390349576138632 0.2613698992050101 0.011534147247433709
13 0.6587482847379601 0.18418063228589987 0.08302337974747388 0.044694820583805674
23 0.6972608831408194 0.06624407106123335 0.07565377356988932 0.06193116187668943
2 0.46234377457572273 0.24739035819437538 0.10777562169218684 0.015351949986334325
