1 0.33809985461449665 0.3000990853921593 0.02916104727174136 0.011618270117034691
0 0.4146336408950732 0.3014295635919559 0.09659596908764347 0.011618270117034722
2 0.37776811238392205 0.2599441243356746 0.10935392726902993 0.008214938466590485
15 0.7793312885661574 0.08559899533131103 0.19073499987852416 0.03799607621617735
4 0.2669241491554182 0.1671511113558709 0.08447491734425963 0.01730122087115058
10 0.373790008446349 0.18697542693739763 0.4732630911455509 0.012255031450398341
9 0.39109209995059485 0.21076460563522964 0.4997251134461622 0.033881557539336526
16 0.40196373498668536 0.28078867571410987 0.16284321415760877 0.011796286957602646
11 0.40890307649908336 0.291601938758579 0.17487140611243226 0.008519540580490812
10 0.5060538576726569 0.3112624170212501 0.36917296845957925 0.0111409376821803
29 0.33768909338147785 0.3218197353107937 0.02780602659613564 0.009399859834621828
24 0.37655433510107655 0.3218197353107937 0.03981317444446695 0.009399859834621828
27 0.4204752180199726 0.3222673476838709 0.03918121929455488 0.010295084580776255
25 0.5023134099335992 0.3222673476838709 0.1169117027337522 0.010295084580776255
3 0.6038669110952629 0.7221387581564437 0.035713552404940715 0.012211778398220473
19 0.2350321198787212 0.5777780920917663 0.1108351626360226 0.011339508512633217
17 0.3797335822090841 0.5777780920917663 0.05295457770387749 0.011339508512633217
14 0.587857387603393 0.5777780920917662 0.09975164637242032 0.009594968741458914
13 0.428537998823146 0.878815057261753 0.3349684915222016 0.02442355679644109
