16 0.6313303056037856 0.13229245365892633 0.09280591351949057 0.010723897234184232
5 0.6444075025088045 0.16029374088151854 0.12233506782114652 0.00953235309705267
11 0.5739593772462824 0.20676396222965024 0.14848946163118484 0.009532353097052635
8 0.6287992352350722 0.22761598462945293 0.2598565578545734 0.025022426879763204
1 0.7165430080171359 0.37238859729094015 0.03206022467036945 0.01072389723418432
0 0.775601316620448 0.3714949391880914 0.0658078295865478 0.011319669302750057
10 0.1896340220968343 0.14938751723959937 0.23218909993982215 0.008862724986929109
9 0.25726868484206783 0.16785152762903507 0.36606389630152153 0.021172065246552893
16 0.2168273401078045 0.2109342185377183 0.28099761944669177 0.008862724986929109
12 0.17464283396258154 0.22570542684926687 0.19941766541378123 0.009847472207699007
21 0.8407544746622357 0.8283297777923674 0.01169790963387805 0.010295084580776133
1 0.20428619781788535 0.32729224420608316 0.03206022467036945 0.01072389723418432
1 0.7151842366372969 0.3522391629338763 0.03206022467036945 0.01072389723418432
29 0.34558511097025046 0.3265916016034346 0.01856118270389807 0.011796286957602646
24 0.37528300329648734 0.32691927624114586 0.03712236540779614 0.011140937682180265
25 0.4759774194651345 0.3265916016034346 0.15869811211832874 0.013106985508447409
15 0.8223715232537924 0.08942623083147434 0.16428781228960773 0.017445397711743506
19 0.7641157534921424 0.7486824908468183 0.1673197814842895 0.0118945893489159
17 0.6619271621158314 0.7494754634700793 0.0303196919468175 0.011894589348916042
5 0.25934903015530947 0.7629559980655176 0.11903286468009856 0.011894589348916185
13 0.12960470983444078 0.9074304529767372 0.15846921917814785 0.02864719187694263
3 0.523776761841468 0.49612914893812937 0.02552162621785989 0.009371494638539844
28 0.867544212563624 0.827339936004499 0.012101285828149599 0.010986849157350207
