15 0.797439697536063 0.07619621242076029 0.14192916091511265 0.0453580340505331
11 0.1620415272468903 0.2005509097845242 0.0976844584551527 0.009847472207699041
8 0.18242173800372075 0.2214767882258846 0.13985041174514676 0.024126306908862603
4 0.6688144213961468 0.17599319579813638 0.08889988485307071 0.01191544137131583
5 0.7132643638226821 0.19034588654085774 0.1855301944759735 0.01245705234273931
11 0.5745032392041937 0.26400497865444644 0.1785728121831246 0.011373830399892385
16 0.5424219764093898 0.29216874916846564 0.11131811668558413 0.01137383039989242
1 0.27723099752143626 0.39645237320167653 0.03787908137217794 0.010832219428468974
0 0.3369651964372365 0.4397534576069427 0.07575816274435589 0.012998663314162757
2 0.6804330256428865 0.2205010269569688 0.11884020650786929 0.01348053459543813
1 0.6405424859883512 0.23627190330294073 0.03787908137217794 0.010832219428468974
1 0.27609918603088507 0.43768694961125204 0.03787908137217794 0.010832219428468974
29 0.7095098627161072 0.382647581964121 0.022418231832513413 0.012457052342739345
24 0.7466159016113015 0.38264758196412024 0.048701676049944034 0.012457052342739326
27 0.7987962688076695 0.3831891929355446 0.054112973388825765 0.012457052342739345
25 0.7116939937393013 0.4026410273241135 0.18630323695295672 0.025455715656901957
18 0.25320951453191737 0.5614984178232778 0.1272006257581485 0.010832219428468761
13 0.22020184816715765 0.9799852933780276 0.3697628139630566 0.011339508512633358
14 0.7289651023577193 0.7031120013927113 0.14317415355471894 0.013956318169394848
3 0.6088233126357162 0.6651682613696697 0.18176892538251235 0.013084048283807194
