15 0.4789001440062563 0.05832433076905869 0.2619043346257843 0.022679017025266555
13 0.37959992234719114 0.09190672136416493 0.423267194821765 0.014828588054981964
14 0.6781212137097556 0.09234285630695852 0.06454514407839242 0.013956318169394794
4 0.8338984364374141 0.11894708781736735 0.08564644118094364 0.013084048283807643
5 0.3535336141616866 0.11894708781736735 0.13033154092752297 0.014828588054981964
11 0.40194247222048085 0.15209334346967998 0.23211426812806465 0.028784906224376794
8 0.406907483303434 0.20617407637608487 0.2470093013769244 0.028784906224376777
10 0.7422536290132943 0.21983579274461446 0.210761176699368 0.024903272466050053
9 0.75204563058561 0.25325860579115533 0.2303451798439996 0.011796286957602646
2 0.16358401486479532 0.3200435305320168 0.09479859845689413 0.010290608457045493
24 0.1296723211078576 0.3335838048176029 0.06551122657590241 0.011373830399892456
1 0.0813574297320148 0.38759863140955475 0.033140973444280054 0.014081885257009574
1 0.08058670941935712 0.4276778432948898 0.033140973444280054 0.014081885257009574
0 0.2775057493033933 0.42876106523773655 0.07553059064045219 0.016248329142703355
15 0.7871374597632129 0.8782030551954364 0.23594060931389435 0.0203158275380936
3 0.16240738642083508 0.9355668913669245 0.04662857891578936 0.010485588406757956
13 0.7748480315041677 0.908533239802368 0.3531928338555384 0.03964863116305338
