15 0.8448792719121133 0.05473060003598713 0.16121717591666837 0.023027924979501416
16 0.20136533442961344 0.14588280307984694 0.27501753538725776 0.019189937482917863
12 0.1871402894957898 0.16459299212569184 0.24385791315126304 0.018230440608771943
11 0.657244155404058 0.14540305464277398 0.24114838078291562 0.014392453112188371
8 0.6775656481666633 0.1746677093042237 0.2763723015714315 0.038379874965835656
4 0.7737540472429949 0.08639399688280157 0.09483363289215788 0.015351949986334282
15 0.17833430929866087 0.2639009185997917 0.23708408223039462 0.015351949986334254
13 0.09704833824823984 0.30084154825440856 0.06367401065616311 0.05469132182631583
1 0.39109972418292654 0.4271841369308858 0.03806781013380608 0.015859452465221368
0 0.4599576748661345 0.42559819168436364 0.10188737418165715 0.015859452465221368
5 0.4448425149600644 0.4521627745636094 0.15227124053522395 0.01823837033500453
22 0.07249958134046314 0.9660957266619401 0.09315990676095053 0.044722570693522506
2 0.4339316087908309 0.4027937388902879 0.13141231986484742 0.016311446860480174
