15 0.6754867998388253 0.1825894841033259 0.12074777434401873 0.017039081160981625
4 0.2030618184033729 0.19059421803936905 0.06755120243022031 0.009532353097052635
11 0.25259996280627844 0.23354929872969132 0.16263779015540356 0.007731486444061204
8 0.24596757065455102 0.24901227161781378 0.1505264653565969 0.021566777975539252
10 0.6010312968216683 0.2328954273889408 0.12918746452060417 0.008545327122383454
9 0.5618136736636277 0.25202068332951333 0.05190567770917141 0.029705184758761546
2 0.4310393456559128 0.29522949815070343 0.07536704403371687 0.012309340259623767
5 0.4338307176571615 0.30975451965705947 0.08094978803621437 0.00984747220769897
1 0.40380501329166263 0.3373506362979489 0.022330976009990167 0.011816966649238978
1 0.41636618729728214 0.33661207588237146 0.006978430003121971 0.0004923736103848597
0 0.4432331428093015 0.3371044494927565 0.05373391102403879 0.010339845818083972
