15 0.8248597962919396 0.07646214028216568 0.16201330610101003 0.018099997492128393
16 0.2043458151145003 0.1639627277244979 0.2498140655363968 0.011053667037606605
12 0.19598391141354668 0.1809116894857215 0.23309012470152463 0.014001307823039629
11 0.6459627301317706 0.1643311832924181 0.2299543699498213 0.013264400445127934
8 0.6480532244040417 0.18992209728251339 0.2299543699498213 0.02880652621921719
15 0.19099517064231125 0.2780164722680161 0.22425292489237975 0.012058569773303003
13 0.12542965633626615 0.31151243469618595 0.09502246692141375 0.04689434500802797
2 0.43235226088324125 0.41099543803464506 0.1197282840604421 0.012728444575811878
1 0.3905423390470105 0.4331027721098586 0.03610853743013721 0.01272846507360761
0 0.4589585273606979 0.4331027686935593 0.09312201758298543 0.011388626644806834
5 0.44137938311050595 0.4555450640841219 0.13968300211393922 0.013398380871709246
4 0.7544783873560251 0.10752203391126418 0.08742066956770074 0.014068303502408383
