15 0.7380643428631899 0.09253731970716636 0.18588287153591423 0.03554142414795617
4 0.17231323799079754 0.1766748569909423 0.09505064349374176 0.012473459363896601
10 0.20131385364671048 0.20175032247910962 0.34315316179305116 0.013106985508447409
9 0.1725631833343197 0.22796429349600442 0.28008717530135524 0.03538886087280794
5 0.31492537342954496 0.3059508572712665 0.16044728916269693 0.011796286957602717
16 0.29823143582880196 0.3446164645211864 0.13262405982812517 0.010485588406757956
11 0.3612974223204979 0.3583787993050562 0.2569011508558789 0.009174889855913193
1 0.24814962302657284 0.3714857848135036 0.03431531617930517 0.009174889855913193
0 0.33161931103028797 0.37083043553808115 0.09923618462663907 0.010485588406757956
2 0.2936571114380029 0.3182148797459959 0.11850469838180783 0.011339508512633288
15 0.40475526617094787 0.383635121165034 0.3456387036136064 0.009594968741458914
19 0.4941275595338945 0.6311012335731029 0.16022822760373615 0.012473459363896496
17 0.6360245916066947 0.6320607304472489 0.09097704448686712 0.014392453112188406
18 0.713422972737313 0.6179851028651602 0.10727144051436553 0.012473459363896567
3 0.3471033392540375 0.670249657208888 0.032245819782517914 0.012451636233024976
14 0.07922532856400448 0.6441295094586249 0.08023755619601576 0.01308404828380766
27 0.25968232376252354 0.39705809021616856 0.049154371824410036 0.010485588406757885
25 0.35147446830156637 0.39675348944422084 0.11834146876971172 0.013696799856327501
2 0.2940527138681439 0.3190159855804291 0.11833107197913234 0.00933568000934805
10 1.0496897893020303 0.4582167560161872 0.03312652620135353 0.07761516538239441
13 0.3514103233603827 0.9394766927592887 0.26305598643595074 0.02263933860549997
